audio_file,gt_start,gt_end,gt_label,pred_label,pred_confidence,iou
C:\Users\muldi\Documents\Playground\University\senior-project-1\dataset\internet\clear\Horror movie for WOKE!!!!!.wav,0.0,20.333381,none,none,0.0,0.0
C:\Users\muldi\Documents\Playground\University\senior-project-1\dataset\internet\clear\Horror movie for WOKE!!!!!.wav,20.333268,20.429073,กู,none,0.0,0.0
C:\Users\muldi\Documents\Playground\University\senior-project-1\dataset\internet\clear\Horror movie for WOKE!!!!!.wav,20.429174,22.757007,none,none,0.0,0.0
C:\Users\muldi\Documents\Playground\University\senior-project-1\dataset\internet\clear\Horror movie for WOKE!!!!!.wav,22.757007,22.836244,มึง,none,0.0,0.0
C:\Users\muldi\Documents\Playground\University\senior-project-1\dataset\internet\clear\Horror movie for WOKE!!!!!.wav,22.836244,23.588872,none,none,0.0,0.0
C:\Users\muldi\Documents\Playground\University\senior-project-1\dataset\internet\clear\Horror movie for WOKE!!!!!.wav,23.588952,23.693493,กู,none,0.0,0.0
C:\Users\muldi\Documents\Playground\University\senior-project-1\dataset\internet\clear\Horror movie for WOKE!!!!!.wav,23.693493,26.331104,none,none,0.0,0.0
C:\Users\muldi\Documents\Playground\University\senior-project-1\dataset\internet\clear\Horror movie for WOKE!!!!!.wav,26.331104,26.430791,กู,none,0.0,0.0
C:\Users\muldi\Documents\Playground\University\senior-project-1\dataset\internet\clear\Horror movie for WOKE!!!!!.wav,26.430805,33.047886,none,none,0.0,0.0
C:\Users\muldi\Documents\Playground\University\senior-project-1\dataset\internet\clear\Horror movie for WOKE!!!!!.wav,33.047886,33.199628,เหี้ย,none,0.0,0.0
C:\Users\muldi\Documents\Playground\University\senior-project-1\dataset\internet\clear\Horror movie for WOKE!!!!!.wav,33.199628,35.707805,none,none,0.0,0.0
C:\Users\muldi\Documents\Playground\University\senior-project-1\dataset\internet\clear\Horror movie for WOKE!!!!!.wav,35.912658,38.063093,none,none,0.0,0.0
C:\Users\muldi\Documents\Playground\University\senior-project-1\dataset\internet\clear\Horror movie for WOKE!!!!!.wav,38.198565,38.310626,none,none,0.0,0.0
C:\Users\muldi\Documents\Playground\University\senior-project-1\dataset\internet\clear\Horror movie for WOKE!!!!!.wav,38.452522,73.734158,none,none,0.0,0.0
C:\Users\muldi\Documents\Playground\University\senior-project-1\dataset\internet\clear\Horror movie for WOKE!!!!!.wav,73.734201,73.795267,กู,none,0.0,0.0
C:\Users\muldi\Documents\Playground\University\senior-project-1\dataset\internet\clear\Horror movie for WOKE!!!!!.wav,73.795267,74.353244,none,none,0.0,0.0
C:\Users\muldi\Documents\Playground\University\senior-project-1\dataset\internet\clear\Horror movie for WOKE!!!!!.wav,74.353244,74.469129,มึง,none,0.0,0.0
C:\Users\muldi\Documents\Playground\University\senior-project-1\dataset\internet\clear\Horror movie for WOKE!!!!!.wav,74.469129,81.050803,none,none,0.0,0.0
C:\Users\muldi\Documents\Playground\University\senior-project-1\dataset\internet\clear\Horror movie for WOKE!!!!!.wav,81.050803,81.486834,เหี้ย,none,0.0,0.0
C:\Users\muldi\Documents\Playground\University\senior-project-1\dataset\internet\clear\Horror movie for WOKE!!!!!.wav,81.486834,98.2302,none,none,0.0,0.0
C:\Users\muldi\Documents\Playground\University\senior-project-1\dataset\internet\clear\Horror movie for WOKE!!!!!.wav,98.230894,98.383859,เหี้ย,none,0.0,0.0
C:\Users\muldi\Documents\Playground\University\senior-project-1\dataset\internet\clear\Horror movie for WOKE!!!!!.wav,98.383666,99.263753,none,none,0.0,0.0
C:\Users\muldi\Documents\Playground\University\senior-project-1\dataset\internet\clear\Horror movie for WOKE!!!!!.wav,99.263753,99.323238,กู,none,0.0,0.0
C:\Users\muldi\Documents\Playground\University\senior-project-1\dataset\internet\clear\Horror movie for WOKE!!!!!.wav,99.323167,111.802627,none,none,0.0,0.0
C:\Users\muldi\Documents\Playground\University\senior-project-1\dataset\internet\clear\Horror movie for WOKE!!!!!.wav,111.802627,111.995785,เหี้ย,none,0.0,0.0
C:\Users\muldi\Documents\Playground\University\senior-project-1\dataset\internet\clear\Horror movie for WOKE!!!!!.wav,111.995644,146.344623,none,none,0.0,0.0
C:\Users\muldi\Documents\Playground\University\senior-project-1\dataset\internet\clear\Horror movie for WOKE!!!!!.wav,146.495154,147.357061,none,none,0.0,0.0
C:\Users\muldi\Documents\Playground\University\senior-project-1\dataset\internet\clear\Horror movie for WOKE!!!!!.wav,150.917787,151.058754,กู,none,0.0,0.0
C:\Users\muldi\Documents\Playground\University\senior-project-1\dataset\internet\clear\Horror movie for WOKE!!!!!.wav,151.567484,151.66738,มึง,none,0.0,0.0
C:\Users\muldi\Documents\Playground\University\senior-project-1\dataset\internet\clear\Horror movie for WOKE!!!!!.wav,151.66748,152.239214,none,none,0.0,0.0
C:\Users\muldi\Documents\Playground\University\senior-project-1\dataset\internet\clear\Horror movie for WOKE!!!!!.wav,152.239442,152.356048,เย็ด,none,0.0,0.0
C:\Users\muldi\Documents\Playground\University\senior-project-1\dataset\internet\clear\Horror movie for WOKE!!!!!.wav,152.356048,163.318824,none,none,0.0,0.0
C:\Users\muldi\Documents\Playground\University\senior-project-1\dataset\internet\clear\Horror movie for WOKE!!!!!.wav,163.318824,163.452983,มึง,none,0.0,0.0
C:\Users\muldi\Documents\Playground\University\senior-project-1\dataset\internet\clear\Horror movie for WOKE!!!!!.wav,163.452757,185.493758,none,none,0.0,0.0
C:\Users\muldi\Documents\Playground\University\senior-project-1\dataset\internet\clear\Horror movie for WOKE!!!!!.wav,185.493758,185.569102,เหี้ย,none,0.0,0.0
C:\Users\muldi\Documents\Playground\University\senior-project-1\dataset\internet\clear\Horror movie for WOKE!!!!!.wav,185.569102,205.807468,none,none,0.0,0.0
C:\Users\muldi\Documents\Playground\University\senior-project-1\dataset\internet\clear\Horror movie for WOKE!!!!!.wav,205.984643,233.901757,none,none,0.0,0.0
C:\Users\muldi\Documents\Playground\University\senior-project-1\dataset\internet\clear\Horror movie for WOKE!!!!!.wav,233.901956,234.149153,เหี้ย,none,0.0,0.0
C:\Users\muldi\Documents\Playground\University\senior-project-1\dataset\internet\clear\Horror movie for WOKE!!!!!.wav,234.149153,250.457023,none,none,0.0,0.0
C:\Users\muldi\Documents\Playground\University\senior-project-1\dataset\internet\clear\Horror movie for WOKE!!!!!.wav,250.459551,250.719774,เหี้ย,none,0.0,0.0
C:\Users\muldi\Documents\Playground\University\senior-project-1\dataset\internet\clear\Horror movie for WOKE!!!!!.wav,250.719774,251.21267,เหี้ย,none,0.0,0.0
C:\Users\muldi\Documents\Playground\University\senior-project-1\dataset\internet\clear\Horror movie for WOKE!!!!!.wav,251.213902,251.904726,none,none,0.0,0.0
C:\Users\muldi\Documents\Playground\University\senior-project-1\dataset\internet\clear\Horror movie for WOKE!!!!!.wav,251.987431,377.630483,none,none,0.0,0.0
C:\Users\muldi\Documents\Playground\University\senior-project-1\dataset\internet\clear\Horror movie for WOKE!!!!!.wav,377.749411,390.442997,none,none,0.0,0.0
C:\Users\muldi\Documents\Playground\University\senior-project-1\dataset\internet\clear\Horror movie for WOKE!!!!!.wav,390.442997,390.566065,กู,none,0.0,0.0
C:\Users\muldi\Documents\Playground\University\senior-project-1\dataset\internet\clear\Horror movie for WOKE!!!!!.wav,390.56643,391.415775,none,none,0.0,0.0
C:\Users\muldi\Documents\Playground\University\senior-project-1\dataset\internet\clear\Horror movie for WOKE!!!!!.wav,391.415775,391.554751,กู,none,0.0,0.0
C:\Users\muldi\Documents\Playground\University\senior-project-1\dataset\internet\clear\Horror movie for WOKE!!!!!.wav,391.554751,394.13417,none,none,0.0,0.0
C:\Users\muldi\Documents\Playground\University\senior-project-1\dataset\internet\clear\Horror movie for WOKE!!!!!.wav,394.134194,394.199266,มึง,none,0.0,0.0
C:\Users\muldi\Documents\Playground\University\senior-project-1\dataset\internet\clear\Horror movie for WOKE!!!!!.wav,394.199266,397.015719,none,none,0.0,0.0
C:\Users\muldi\Documents\Playground\University\senior-project-1\dataset\internet\clear\Horror movie for WOKE!!!!!.wav,397.015719,397.114319,มึง,none,0.0,0.0
C:\Users\muldi\Documents\Playground\University\senior-project-1\dataset\internet\clear\Horror movie for WOKE!!!!!.wav,397.114757,401.002705,none,none,0.0,0.0
C:\Users\muldi\Documents\Playground\University\senior-project-1\dataset\internet\clear\Horror movie for WOKE!!!!!.wav,401.002705,401.121534,มึง,none,0.0,0.0
C:\Users\muldi\Documents\Playground\University\senior-project-1\dataset\internet\clear\Horror movie for WOKE!!!!!.wav,401.121534,402.687054,none,none,0.0,0.0
C:\Users\muldi\Documents\Playground\University\senior-project-1\dataset\internet\clear\Horror movie for WOKE!!!!!.wav,402.685803,402.815063,มึง,none,0.0,0.0
C:\Users\muldi\Documents\Playground\University\senior-project-1\dataset\internet\clear\Horror movie for WOKE!!!!!.wav,402.813989,430.135127,none,none,0.0,0.0
C:\Users\muldi\Documents\Playground\University\senior-project-1\dataset\internet\clear\Horror movie for WOKE!!!!!.wav,430.135127,430.275271,มึง,none,0.0,0.0
C:\Users\muldi\Documents\Playground\University\senior-project-1\dataset\internet\clear\Horror movie for WOKE!!!!!.wav,430.275271,452.90394,none,none,0.0,0.0
C:\Users\muldi\Documents\Playground\University\senior-project-1\dataset\internet\clear\Horror movie for WOKE!!!!!.wav,452.90394,453.234737,เหี้ย,none,0.0,0.0
C:\Users\muldi\Documents\Playground\University\senior-project-1\dataset\internet\clear\Horror movie for WOKE!!!!!.wav,453.236427,458.682639,none,none,0.0,0.0
C:\Users\muldi\Documents\Playground\University\senior-project-1\dataset\internet\clear\Horror movie for WOKE!!!!!.wav,458.686766,459.008668,เหี้ย,none,0.0,0.0
C:\Users\muldi\Documents\Playground\University\senior-project-1\dataset\internet\clear\Horror movie for WOKE!!!!!.wav,459.008723,464.816067,none,none,0.0,0.0
C:\Users\muldi\Documents\Playground\University\senior-project-1\dataset\internet\clear\Horror movie for WOKE!!!!!.wav,464.816067,464.951499,เหี้ย,none,0.0,0.0
C:\Users\muldi\Documents\Playground\University\senior-project-1\dataset\internet\clear\Horror movie for WOKE!!!!!.wav,464.951499,475.577013,none,none,0.0,0.0
C:\Users\muldi\Documents\Playground\University\senior-project-1\dataset\internet\clear\Horror movie for WOKE!!!!!.wav,475.581106,476.036344,เหี้ย,none,0.0,0.0
C:\Users\muldi\Documents\Playground\University\senior-project-1\dataset\internet\clear\Horror movie for WOKE!!!!!.wav,476.036445,509.241954,none,none,0.0,0.0
C:\Users\muldi\Documents\Playground\University\senior-project-1\dataset\internet\clear\Horror movie for WOKE!!!!!.wav,509.241952,509.339277,มึง,none,0.0,0.0
C:\Users\muldi\Documents\Playground\University\senior-project-1\dataset\internet\clear\Horror movie for WOKE!!!!!.wav,509.339078,513.617569,none,none,0.0,0.0
C:\Users\muldi\Documents\Playground\University\senior-project-1\dataset\internet\clear\Horror movie for WOKE!!!!!.wav,513.617569,513.691353,มึง,none,0.0,0.0
C:\Users\muldi\Documents\Playground\University\senior-project-1\dataset\internet\clear\Horror movie for WOKE!!!!!.wav,513.691715,515.319671,none,none,0.0,0.0
C:\Users\muldi\Documents\Playground\University\senior-project-1\dataset\internet\clear\Horror movie for WOKE!!!!!.wav,515.319671,515.454993,มึง,none,0.0,0.0
C:\Users\muldi\Documents\Playground\University\senior-project-1\dataset\internet\clear\Horror movie for WOKE!!!!!.wav,515.453975,517.563128,none,none,0.0,0.0
C:\Users\muldi\Documents\Playground\University\senior-project-1\dataset\internet\clear\Horror movie for WOKE!!!!!.wav,517.563128,517.703169,เหี้ย,none,0.0,0.0
C:\Users\muldi\Documents\Playground\University\senior-project-1\dataset\internet\clear\Horror movie for WOKE!!!!!.wav,517.703169,518.187935,none,none,0.0,0.0
C:\Users\muldi\Documents\Playground\University\senior-project-1\dataset\internet\clear\Horror movie for WOKE!!!!!.wav,518.187935,518.258267,มึง,none,0.0,0.0
C:\Users\muldi\Documents\Playground\University\senior-project-1\dataset\internet\clear\Horror movie for WOKE!!!!!.wav,518.257994,525.244417,none,none,0.0,0.0
C:\Users\muldi\Documents\Playground\University\senior-project-1\dataset\internet\clear\Horror movie for WOKE!!!!!.wav,525.244557,525.37838,มึง,none,0.0,0.0
C:\Users\muldi\Documents\Playground\University\senior-project-1\dataset\internet\clear\Horror movie for WOKE!!!!!.wav,525.379001,526.757032,none,none,0.0,0.0
C:\Users\muldi\Documents\Playground\University\senior-project-1\dataset\internet\clear\Horror movie for WOKE!!!!!.wav,526.756592,526.882811,มึง,none,0.0,0.0
C:\Users\muldi\Documents\Playground\University\senior-project-1\dataset\internet\clear\Horror movie for WOKE!!!!!.wav,526.881887,529.05042,none,none,0.0,0.0
C:\Users\muldi\Documents\Playground\University\senior-project-1\dataset\internet\clear\Horror movie for WOKE!!!!!.wav,529.05042,529.238988,มึง,none,0.0,0.0
C:\Users\muldi\Documents\Playground\University\senior-project-1\dataset\internet\clear\Horror movie for WOKE!!!!!.wav,529.237501,529.997856,none,none,0.0,0.0
C:\Users\muldi\Documents\Playground\University\senior-project-1\dataset\internet\clear\Horror movie for WOKE!!!!!.wav,529.997856,530.119512,มึง,none,0.0,0.0
C:\Users\muldi\Documents\Playground\University\senior-project-1\dataset\internet\clear\Horror movie for WOKE!!!!!.wav,530.119883,531.397345,none,none,0.0,0.0
C:\Users\muldi\Documents\Playground\University\senior-project-1\dataset\internet\clear\Horror movie for WOKE!!!!!.wav,531.398841,531.648311,มึง,none,0.0,0.0
C:\Users\muldi\Documents\Playground\University\senior-project-1\dataset\internet\clear\Horror movie for WOKE!!!!!.wav,531.648565,533.478706,none,none,0.0,0.0
C:\Users\muldi\Documents\Playground\University\senior-project-1\dataset\internet\clear\Horror movie for WOKE!!!!!.wav,533.479786,533.591834,มึง,none,0.0,0.0
C:\Users\muldi\Documents\Playground\University\senior-project-1\dataset\internet\clear\Horror movie for WOKE!!!!!.wav,533.591045,535.710915,none,none,0.0,0.0
C:\Users\muldi\Documents\Playground\University\senior-project-1\dataset\internet\clear\Horror movie for WOKE!!!!!.wav,535.710673,535.804459,มึง,none,0.0,0.0
C:\Users\muldi\Documents\Playground\University\senior-project-1\dataset\internet\clear\Horror movie for WOKE!!!!!.wav,535.804459,537.240854,none,none,0.0,0.0
C:\Users\muldi\Documents\Playground\University\senior-project-1\dataset\internet\clear\Horror movie for WOKE!!!!!.wav,537.240854,537.410778,มึง,none,0.0,0.0
C:\Users\muldi\Documents\Playground\University\senior-project-1\dataset\internet\clear\Horror movie for WOKE!!!!!.wav,537.410778,545.810454,none,none,0.0,0.0
C:\Users\muldi\Documents\Playground\University\senior-project-1\dataset\internet\clear\Horror movie for WOKE!!!!!.wav,545.810454,545.936284,มึง,none,0.0,0.0
C:\Users\muldi\Documents\Playground\University\senior-project-1\dataset\internet\clear\Horror movie for WOKE!!!!!.wav,545.93649,547.721495,none,none,0.0,0.0
C:\Users\muldi\Documents\Playground\University\senior-project-1\dataset\internet\clear\Horror movie for WOKE!!!!!.wav,547.720982,547.806659,กู,none,0.0,0.0
C:\Users\muldi\Documents\Playground\University\senior-project-1\dataset\internet\clear\Horror movie for WOKE!!!!!.wav,547.80687,553.638961,none,none,0.0,0.0
C:\Users\muldi\Documents\Playground\University\senior-project-1\dataset\internet\clear\Horror movie for WOKE!!!!!.wav,553.638961,553.736139,มึง,none,0.0,0.0
C:\Users\muldi\Documents\Playground\University\senior-project-1\dataset\internet\clear\Horror movie for WOKE!!!!!.wav,553.736083,554.729106,none,none,0.0,0.0
C:\Users\muldi\Documents\Playground\University\senior-project-1\dataset\internet\clear\Horror movie for WOKE!!!!!.wav,554.729163,554.869955,เหี้ย,none,0.0,0.0
C:\Users\muldi\Documents\Playground\University\senior-project-1\dataset\internet\clear\Horror movie for WOKE!!!!!.wav,554.869137,556.633825,none,none,0.0,0.0
C:\Users\muldi\Documents\Playground\University\senior-project-1\dataset\internet\clear\Horror movie for WOKE!!!!!.wav,556.633008,556.74699,กู,none,0.0,0.0
C:\Users\muldi\Documents\Playground\University\senior-project-1\dataset\internet\clear\Horror movie for WOKE!!!!!.wav,556.746356,557.46374,none,none,0.0,0.0
C:\Users\muldi\Documents\Playground\University\senior-project-1\dataset\internet\clear\Horror movie for WOKE!!!!!.wav,557.46316,557.522838,กู,none,0.0,0.0
C:\Users\muldi\Documents\Playground\University\senior-project-1\dataset\internet\clear\Horror movie for WOKE!!!!!.wav,557.522707,558.508127,none,none,0.0,0.0
C:\Users\muldi\Documents\Playground\University\senior-project-1\dataset\internet\clear\Horror movie for WOKE!!!!!.wav,558.508045,558.549002,กู,none,0.0,0.0
C:\Users\muldi\Documents\Playground\University\senior-project-1\dataset\internet\clear\Horror movie for WOKE!!!!!.wav,558.549002,561.177123,none,none,0.0,0.0
C:\Users\muldi\Documents\Playground\University\senior-project-1\dataset\internet\clear\Horror movie for WOKE!!!!!.wav,561.285304,563.630125,none,none,0.0,0.0
C:\Users\muldi\Documents\Playground\University\senior-project-1\dataset\internet\clear\Horror movie for WOKE!!!!!.wav,563.630125,563.687762,กู,none,0.0,0.0
C:\Users\muldi\Documents\Playground\University\senior-project-1\dataset\internet\clear\Horror movie for WOKE!!!!!.wav,563.687762,564.888931,none,none,0.0,0.0
C:\Users\muldi\Documents\Playground\University\senior-project-1\dataset\internet\clear\Horror movie for WOKE!!!!!.wav,564.888931,565.005133,เหี้ย,none,0.0,0.0
C:\Users\muldi\Documents\Playground\University\senior-project-1\dataset\internet\clear\Horror movie for WOKE!!!!!.wav,565.005133,565.128141,มึง,none,0.0,0.0
C:\Users\muldi\Documents\Playground\University\senior-project-1\dataset\internet\clear\Horror movie for WOKE!!!!!.wav,565.128141,578.444391,none,none,0.0,0.0
C:\Users\muldi\Documents\Playground\University\senior-project-1\dataset\internet\clear\Horror movie for WOKE!!!!!.wav,578.444391,578.589707,เหี้ย,none,0.0,0.0
C:\Users\muldi\Documents\Playground\University\senior-project-1\dataset\internet\clear\Horror movie for WOKE!!!!!.wav,578.589735,588.041556,none,none,0.0,0.0
C:\Users\muldi\Documents\Playground\University\senior-project-1\dataset\internet\clear\Horror movie for WOKE!!!!!.wav,588.041556,588.164565,มึง,none,0.0,0.0
C:\Users\muldi\Documents\Playground\University\senior-project-1\dataset\internet\clear\Horror movie for WOKE!!!!!.wav,588.164565,590.339629,none,none,0.0,0.0
C:\Users\muldi\Documents\Playground\University\senior-project-1\dataset\internet\clear\Horror movie for WOKE!!!!!.wav,590.340617,590.501882,มึง,none,0.0,0.0
C:\Users\muldi\Documents\Playground\University\senior-project-1\dataset\internet\clear\Horror movie for WOKE!!!!!.wav,590.501607,592.253253,none,none,0.0,0.0
C:\Users\muldi\Documents\Playground\University\senior-project-1\dataset\internet\clear\Horror movie for WOKE!!!!!.wav,592.253253,592.470812,กู,none,0.0,0.0
C:\Users\muldi\Documents\Playground\University\senior-project-1\dataset\internet\clear\Horror movie for WOKE!!!!!.wav,592.470812,600.668292,none,none,0.0,0.0
C:\Users\muldi\Documents\Playground\University\senior-project-1\dataset\internet\clear\Horror movie for WOKE!!!!!.wav,600.668629,600.829018,มึง,none,0.0,0.0
C:\Users\muldi\Documents\Playground\University\senior-project-1\dataset\internet\clear\Horror movie for WOKE!!!!!.wav,600.829018,603.308083,none,none,0.0,0.0
C:\Users\muldi\Documents\Playground\University\senior-project-1\dataset\internet\clear\Horror movie for WOKE!!!!!.wav,609.000382,609.07399,มึง,none,0.0,0.0
C:\Users\muldi\Documents\Playground\University\senior-project-1\dataset\internet\clear\Horror movie for WOKE!!!!!.wav,609.712548,609.79455,มึง,none,0.0,0.0
C:\Users\muldi\Documents\Playground\University\senior-project-1\dataset\internet\clear\Horror movie for WOKE!!!!!.wav,613.419926,613.51764,มึง,none,0.0,0.0
C:\Users\muldi\Documents\Playground\University\senior-project-1\dataset\internet\clear\Horror movie for WOKE!!!!!.wav,653.168502,653.302061,มึง,none,0.0,0.0
C:\Users\muldi\Documents\Playground\University\senior-project-1\dataset\internet\clear\Horror movie for WOKE!!!!!.wav,665.68181,665.798472,เหี้ย,none,0.0,0.0
C:\Users\muldi\Documents\Playground\University\senior-project-1\dataset\internet\clear\Horror movie for WOKE!!!!!.wav,666.987188,667.081307,เหี้ย,none,0.0,0.0
C:\Users\muldi\Documents\Playground\University\senior-project-1\dataset\internet\clear\Horror movie for WOKE!!!!!.wav,670.684904,670.978038,เหี้ย,none,0.0,0.0
C:\Users\muldi\Documents\Playground\University\senior-project-1\dataset\internet\clear\Horror movie for WOKE!!!!!.wav,724.323563,724.452612,เหี้ย,none,0.0,0.0
C:\Users\muldi\Documents\Playground\University\senior-project-1\dataset\internet\clear\Horror movie for WOKE!!!!!.wav,729.294579,729.354724,กู,none,0.0,0.0
C:\Users\muldi\Documents\Playground\University\senior-project-1\dataset\internet\clear\Horror movie for WOKE!!!!!.wav,729.819817,729.877107,กู,none,0.0,0.0
C:\Users\muldi\Documents\Playground\University\senior-project-1\dataset\internet\clear\Horror movie for WOKE!!!!!.wav,731.950656,732.156887,เหี้ย,none,0.0,0.0
C:\Users\muldi\Documents\Playground\University\senior-project-1\dataset\internet\clear\Horror movie for WOKE!!!!!.wav,804.672483,804.803786,มึง,none,0.0,0.0
C:\Users\muldi\Documents\Playground\University\senior-project-1\dataset\internet\clear\Horror movie for WOKE!!!!!.wav,808.109852,808.225243,เหี้ย,none,0.0,0.0
C:\Users\muldi\Documents\Playground\University\senior-project-1\dataset\internet\clear\Horror movie for WOKE!!!!!.wav,811.995369,812.061021,เย็ด,none,0.0,0.0
C:\Users\muldi\Documents\Playground\University\senior-project-1\dataset\internet\clear\Horror movie for WOKE!!!!!.wav,813.065642,813.212459,กู,none,0.0,0.0
C:\Users\muldi\Documents\Playground\University\senior-project-1\dataset\internet\clear\Horror movie for WOKE!!!!!.wav,820.487649,820.600585,มึง,none,0.0,0.0
C:\Users\muldi\Documents\Playground\University\senior-project-1\dataset\internet\clear\Horror movie for WOKE!!!!!.wav,824.641056,824.729441,กู,none,0.0,0.0
C:\Users\muldi\Documents\Playground\University\senior-project-1\dataset\internet\clear\Horror movie for WOKE!!!!!.wav,825.192174,825.296762,มึง,none,0.0,0.0
C:\Users\muldi\Documents\Playground\University\senior-project-1\dataset\internet\clear\Horror movie for WOKE!!!!!.wav,826.2586,826.356314,มึง,none,0.0,0.0
C:\Users\muldi\Documents\Playground\University\senior-project-1\dataset\internet\clear\Horror movie for WOKE!!!!!.wav,826.801044,826.845714,กู,none,0.0,0.0
C:\Users\muldi\Documents\Playground\University\senior-project-1\dataset\internet\clear\Horror movie for WOKE!!!!!.wav,857.558741,857.743722,มึง,none,0.0,0.0
C:\Users\muldi\Documents\Playground\University\senior-project-1\dataset\internet\clear\Horror movie for WOKE!!!!!.wav,858.202414,858.26281,กู,none,0.0,0.0
C:\Users\muldi\Documents\Playground\University\senior-project-1\dataset\internet\clear\Horror movie for WOKE!!!!!.wav,860.288098,860.487803,เหี้ย,none,0.0,0.0
C:\Users\muldi\Documents\Playground\University\senior-project-1\dataset\internet\clear\Horror movie for WOKE!!!!!.wav,861.033525,861.155742,มึง,none,0.0,0.0
C:\Users\muldi\Documents\Playground\University\senior-project-1\dataset\internet\clear\Horror movie for WOKE!!!!!.wav,868.892179,868.975509,กู,none,0.0,0.0
C:\Users\muldi\Documents\Playground\University\senior-project-1\dataset\internet\clear\Horror movie for WOKE!!!!!.wav,871.858363,872.088432,มึง,none,0.0,0.0
C:\Users\muldi\Documents\Playground\University\senior-project-1\dataset\internet\clear\Horror movie for WOKE!!!!!.wav,874.196434,874.262231,มึง,none,0.0,0.0
C:\Users\muldi\Documents\Playground\University\senior-project-1\dataset\internet\clear\Horror movie for WOKE!!!!!.wav,878.845873,879.022595,มึง,none,0.0,0.0
C:\Users\muldi\Documents\Playground\University\senior-project-1\dataset\internet\clear\Horror movie for WOKE!!!!!.wav,883.33046,883.399002,มึง,none,0.0,0.0
C:\Users\muldi\Documents\Playground\University\senior-project-1\dataset\internet\clear\Horror movie for WOKE!!!!!.wav,895.583998,895.792101,เหี้ย,none,0.0,0.0
C:\Users\muldi\Documents\Playground\University\senior-project-1\dataset\internet\clear\Horror movie for WOKE!!!!!.wav,917.822094,918.126248,เหี้ย,none,0.0,0.0
C:\Users\muldi\Documents\Playground\University\senior-project-1\dataset\internet\clear\Horror movie for WOKE!!!!!.wav,926.062676,926.12107,กู,none,0.0,0.0
C:\Users\muldi\Documents\Playground\University\senior-project-1\dataset\internet\clear\Horror movie for WOKE!!!!!.wav,926.61858,926.72252,มึง,none,0.0,0.0
C:\Users\muldi\Documents\Playground\University\senior-project-1\dataset\internet\clear\Horror movie for WOKE!!!!!.wav,968.86868,968.995063,มึง,none,0.0,0.0
C:\Users\muldi\Documents\Playground\University\senior-project-1\dataset\internet\clear\Horror movie for WOKE!!!!!.wav,969.668184,969.732764,กู,none,0.0,0.0
C:\Users\muldi\Documents\Playground\University\senior-project-1\dataset\internet\clear\Horror movie for WOKE!!!!!.wav,973.585812,973.751065,กู,none,0.0,0.0
C:\Users\muldi\Documents\Playground\University\senior-project-1\dataset\internet\clear\Horror movie for WOKE!!!!!.wav,983.589043,983.710327,มึง,none,0.0,0.0
C:\Users\muldi\Documents\Playground\University\senior-project-1\dataset\internet\clear\Horror movie for WOKE!!!!!.wav,985.589448,985.716745,มึง,none,0.0,0.0
C:\Users\muldi\Documents\Playground\University\senior-project-1\dataset\internet\clear\Horror movie for WOKE!!!!!.wav,988.907593,989.077489,มึง,none,0.0,0.0
C:\Users\muldi\Documents\Playground\University\senior-project-1\dataset\internet\clear\Horror movie for WOKE!!!!!.wav,991.838474,991.937081,เหี้ย,none,0.0,0.0
C:\Users\muldi\Documents\Playground\University\senior-project-1\dataset\internet\clear\Horror movie for WOKE!!!!!.wav,1001.347021,1001.405699,กู,none,0.0,0.0
C:\Users\muldi\Documents\Playground\University\senior-project-1\dataset\internet\clear\Horror movie for WOKE!!!!!.wav,1013.980815,1014.247088,เหี้ย,none,0.0,0.0
C:\Users\muldi\Documents\Playground\University\senior-project-1\dataset\internet\clear\Horror movie for WOKE!!!!!.wav,1017.151567,1017.282368,มึง,none,0.0,0.0
C:\Users\muldi\Documents\Playground\University\senior-project-1\dataset\internet\clear\Horror movie for WOKE!!!!!.wav,1019.501843,1019.681002,มึง,none,0.0,0.0
C:\Users\muldi\Documents\Playground\University\senior-project-1\dataset\internet\clear\Horror movie for WOKE!!!!!.wav,1021.308714,1021.496207,เหี้ย,none,0.0,0.0
C:\Users\muldi\Documents\Playground\University\senior-project-1\dataset\internet\clear\Horror movie for WOKE!!!!!.wav,1021.628146,1021.86147,เหี้ย,none,0.0,0.0
C:\Users\muldi\Documents\Playground\University\senior-project-1\dataset\internet\clear\Horror movie for WOKE!!!!!.wav,1055.739439,1056.095925,เหี้ย,none,0.0,0.0
C:\Users\muldi\Documents\Playground\University\senior-project-1\dataset\internet\clear\Horror movie for WOKE!!!!!.wav,1063.637166,1063.742717,เหี้ย,none,0.0,0.0
C:\Users\muldi\Documents\Playground\University\senior-project-1\dataset\internet\clear\Horror movie for WOKE!!!!!.wav,1065.715189,1065.791989,เหี้ย,none,0.0,0.0
C:\Users\muldi\Documents\Playground\University\senior-project-1\dataset\internet\clear\Horror movie for WOKE!!!!!.wav,1080.7143,1080.795547,กู,none,0.0,0.0
C:\Users\muldi\Documents\Playground\University\senior-project-1\dataset\internet\clear\Horror movie for WOKE!!!!!.wav,1081.315316,1081.453505,กู,none,0.0,0.0
C:\Users\muldi\Documents\Playground\University\senior-project-1\dataset\internet\clear\Horror movie for WOKE!!!!!.wav,1103.257582,1103.337128,กู,none,0.0,0.0
C:\Users\muldi\Documents\Playground\University\senior-project-1\dataset\internet\clear\Horror movie for WOKE!!!!!.wav,1105.728802,1105.802298,กู,none,0.0,0.0
C:\Users\muldi\Documents\Playground\University\senior-project-1\dataset\internet\clear\Yo mama & แซนวิชบลูเบอร์รี่.wav,0.0,19.031222,none,none,0.0,0.0
C:\Users\muldi\Documents\Playground\University\senior-project-1\dataset\internet\clear\Yo mama & แซนวิชบลูเบอร์รี่.wav,19.032041,19.153205,มึง,none,0.0,0.0
C:\Users\muldi\Documents\Playground\University\senior-project-1\dataset\internet\clear\Yo mama & แซนวิชบลูเบอร์รี่.wav,19.153205,23.022478,none,none,0.0,0.0
C:\Users\muldi\Documents\Playground\University\senior-project-1\dataset\internet\clear\Yo mama & แซนวิชบลูเบอร์รี่.wav,23.022478,23.217391,มึง,none,0.0,0.0
C:\Users\muldi\Documents\Playground\University\senior-project-1\dataset\internet\clear\Yo mama & แซนวิชบลูเบอร์รี่.wav,23.217391,24.340333,none,none,0.0,0.0
C:\Users\muldi\Documents\Playground\University\senior-project-1\dataset\internet\clear\Yo mama & แซนวิชบลูเบอร์รี่.wav,24.340333,24.50921,มึง,none,0.0,0.0
C:\Users\muldi\Documents\Playground\University\senior-project-1\dataset\internet\clear\Yo mama & แซนวิชบลูเบอร์รี่.wav,24.50921,26.009433,none,none,0.0,0.0
C:\Users\muldi\Documents\Playground\University\senior-project-1\dataset\internet\clear\Yo mama & แซนวิชบลูเบอร์รี่.wav,26.009433,26.205666,มึง,none,0.0,0.0
C:\Users\muldi\Documents\Playground\University\senior-project-1\dataset\internet\clear\Yo mama & แซนวิชบลูเบอร์รี่.wav,26.205666,28.161061,none,none,0.0,0.0
C:\Users\muldi\Documents\Playground\University\senior-project-1\dataset\internet\clear\Yo mama & แซนวิชบลูเบอร์รี่.wav,28.161061,28.271807,มึง,none,0.0,0.0
C:\Users\muldi\Documents\Playground\University\senior-project-1\dataset\internet\clear\Yo mama & แซนวิชบลูเบอร์รี่.wav,28.271807,29.996729,none,none,0.0,0.0
C:\Users\muldi\Documents\Playground\University\senior-project-1\dataset\internet\clear\Yo mama & แซนวิชบลูเบอร์รี่.wav,29.996729,30.232618,มึง,none,0.0,0.0
C:\Users\muldi\Documents\Playground\University\senior-project-1\dataset\internet\clear\Yo mama & แซนวิชบลูเบอร์รี่.wav,30.232618,34.418552,none,none,0.0,0.0
C:\Users\muldi\Documents\Playground\University\senior-project-1\dataset\internet\clear\Yo mama & แซนวิชบลูเบอร์รี่.wav,34.418552,34.59257,มึง,none,0.0,0.0
C:\Users\muldi\Documents\Playground\University\senior-project-1\dataset\internet\clear\Yo mama & แซนวิชบลูเบอร์รี่.wav,34.59257,39.071439,none,none,0.0,0.0
C:\Users\muldi\Documents\Playground\University\senior-project-1\dataset\internet\clear\Yo mama & แซนวิชบลูเบอร์รี่.wav,40.5462,40.65505,มึง,none,0.0,0.0
C:\Users\muldi\Documents\Playground\University\senior-project-1\dataset\internet\clear\Yo mama & แซนวิชบลูเบอร์รี่.wav,40.65505,44.669968,none,none,0.0,0.0
C:\Users\muldi\Documents\Playground\University\senior-project-1\dataset\internet\clear\Yo mama & แซนวิชบลูเบอร์รี่.wav,44.669968,44.885318,มึง,none,0.0,0.0
C:\Users\muldi\Documents\Playground\University\senior-project-1\dataset\internet\clear\Yo mama & แซนวิชบลูเบอร์รี่.wav,57.399682,57.951197,none,none,0.0,0.0
C:\Users\muldi\Documents\Playground\University\senior-project-1\dataset\internet\clear\Yo mama & แซนวิชบลูเบอร์รี่.wav,57.951197,58.117316,มึง,none,0.0,0.0
C:\Users\muldi\Documents\Playground\University\senior-project-1\dataset\internet\clear\Yo mama & แซนวิชบลูเบอร์รี่.wav,58.117316,60.009619,none,none,0.0,0.0
C:\Users\muldi\Documents\Playground\University\senior-project-1\dataset\internet\clear\Yo mama & แซนวิชบลูเบอร์รี่.wav,60.009619,60.131435,มึง,none,0.0,0.0
C:\Users\muldi\Documents\Playground\University\senior-project-1\dataset\internet\clear\Yo mama & แซนวิชบลูเบอร์รี่.wav,60.131435,61.845558,none,none,0.0,0.0
C:\Users\muldi\Documents\Playground\University\senior-project-1\dataset\internet\clear\Yo mama & แซนวิชบลูเบอร์รี่.wav,61.845558,61.939615,มึง,none,0.0,0.0
C:\Users\muldi\Documents\Playground\University\senior-project-1\dataset\internet\clear\Yo mama & แซนวิชบลูเบอร์รี่.wav,61.939615,65.629591,none,none,0.0,0.0
C:\Users\muldi\Documents\Playground\University\senior-project-1\dataset\internet\clear\Yo mama & แซนวิชบลูเบอร์รี่.wav,79.568686,79.781013,มึง,none,0.0,0.0
C:\Users\muldi\Documents\Playground\University\senior-project-1\dataset\internet\clear\Yo mama & แซนวิชบลูเบอร์รี่.wav,83.715585,83.926981,มึง,none,0.0,0.0
C:\Users\muldi\Documents\Playground\University\senior-project-1\dataset\internet\clear\Yo mama & แซนวิชบลูเบอร์รี่.wav,83.926981,87.515124,none,none,0.0,0.0
C:\Users\muldi\Documents\Playground\University\senior-project-1\dataset\internet\clear\Yo mama & แซนวิชบลูเบอร์รี่.wav,87.515124,87.703239,มึง,none,0.0,0.0
C:\Users\muldi\Documents\Playground\University\senior-project-1\dataset\internet\clear\Yo mama & แซนวิชบลูเบอร์รี่.wav,87.703239,92.078296,none,none,0.0,0.0
C:\Users\muldi\Documents\Playground\University\senior-project-1\dataset\internet\clear\Yo mama & แซนวิชบลูเบอร์รี่.wav,92.078296,92.249414,มึง,none,0.0,0.0
C:\Users\muldi\Documents\Playground\University\senior-project-1\dataset\internet\clear\Yo mama & แซนวิชบลูเบอร์รี่.wav,92.249414,95.572572,none,none,0.0,0.0
C:\Users\muldi\Documents\Playground\University\senior-project-1\dataset\internet\clear\Yo mama & แซนวิชบลูเบอร์รี่.wav,96.701384,96.844937,มึง,none,0.0,0.0
C:\Users\muldi\Documents\Playground\University\senior-project-1\dataset\internet\clear\Yo mama & แซนวิชบลูเบอร์รี่.wav,96.844937,98.555061,none,none,0.0,0.0
C:\Users\muldi\Documents\Playground\University\senior-project-1\dataset\internet\clear\Yo mama & แซนวิชบลูเบอร์รี่.wav,98.555061,98.741417,มึง,none,0.0,0.0
C:\Users\muldi\Documents\Playground\University\senior-project-1\dataset\internet\clear\Yo mama & แซนวิชบลูเบอร์รี่.wav,98.741417,99.453283,none,none,0.0,0.0
C:\Users\muldi\Documents\Playground\University\senior-project-1\dataset\internet\clear\Yo mama & แซนวิชบลูเบอร์รี่.wav,99.453283,99.658163,มึง,none,0.0,0.0
C:\Users\muldi\Documents\Playground\University\senior-project-1\dataset\internet\clear\Yo mama & แซนวิชบลูเบอร์รี่.wav,99.658163,100.578463,none,none,0.0,0.0
C:\Users\muldi\Documents\Playground\University\senior-project-1\dataset\internet\clear\Yo mama & แซนวิชบลูเบอร์รี่.wav,100.578463,100.726862,มึง,none,0.0,0.0
C:\Users\muldi\Documents\Playground\University\senior-project-1\dataset\internet\clear\Yo mama & แซนวิชบลูเบอร์รี่.wav,100.726862,102.836575,none,none,0.0,0.0
C:\Users\muldi\Documents\Playground\University\senior-project-1\dataset\internet\clear\Yo mama & แซนวิชบลูเบอร์รี่.wav,102.836575,103.044777,มึง,none,0.0,0.0
C:\Users\muldi\Documents\Playground\University\senior-project-1\dataset\internet\clear\Yo mama & แซนวิชบลูเบอร์รี่.wav,103.044777,103.905744,none,none,0.0,0.0
C:\Users\muldi\Documents\Playground\University\senior-project-1\dataset\internet\clear\Yo mama & แซนวิชบลูเบอร์รี่.wav,103.905744,103.991368,มึง,none,0.0,0.0
C:\Users\muldi\Documents\Playground\University\senior-project-1\dataset\internet\clear\Yo mama & แซนวิชบลูเบอร์รี่.wav,107.484321,107.566634,มึง,none,0.0,0.0
C:\Users\muldi\Documents\Playground\University\senior-project-1\dataset\internet\clear\Yo mama & แซนวิชบลูเบอร์รี่.wav,107.566634,108.881956,none,none,0.0,0.0
C:\Users\muldi\Documents\Playground\University\senior-project-1\dataset\internet\clear\Yo mama & แซนวิชบลูเบอร์รี่.wav,118.448281,132.010667,none,none,0.0,0.0
C:\Users\muldi\Documents\Playground\University\senior-project-1\dataset\internet\clear\คนน่ากลัวกว่าผีบอกเลย!.wav,43.185581,45.158615,none,none,0.0,0.0
C:\Users\muldi\Documents\Playground\University\senior-project-1\dataset\internet\clear\คนน่ากลัวกว่าผีบอกเลย!.wav,45.158615,45.194149,กู,none,0.0,0.0
C:\Users\muldi\Documents\Playground\University\senior-project-1\dataset\internet\clear\คนน่ากลัวกว่าผีบอกเลย!.wav,45.194149,46.307452,none,none,0.0,0.0
C:\Users\muldi\Documents\Playground\University\senior-project-1\dataset\internet\clear\คนน่ากลัวกว่าผีบอกเลย!.wav,46.360844,46.662161,none,none,0.0,0.0
C:\Users\muldi\Documents\Playground\University\senior-project-1\dataset\internet\clear\คนน่ากลัวกว่าผีบอกเลย!.wav,46.713473,47.971366,none,none,0.0,0.0
C:\Users\muldi\Documents\Playground\University\senior-project-1\dataset\internet\clear\คนน่ากลัวกว่าผีบอกเลย!.wav,47.971366,48.012196,กู,none,0.0,0.0
C:\Users\muldi\Documents\Playground\University\senior-project-1\dataset\internet\clear\คนน่ากลัวกว่าผีบอกเลย!.wav,48.012586,53.478635,none,none,0.0,0.0
C:\Users\muldi\Documents\Playground\University\senior-project-1\dataset\internet\clear\จารย์แดง1.wav,0.0,0.113714,none,none,0.0,0.0
C:\Users\muldi\Documents\Playground\University\senior-project-1\dataset\internet\clear\จารย์แดง1.wav,0.113714,0.194503,กู,none,0.0,0.0
C:\Users\muldi\Documents\Playground\University\senior-project-1\dataset\internet\clear\จารย์แดง1.wav,0.194503,2.572296,none,เหี้ย,0.6163572669029236,0.05281663436134293
C:\Users\muldi\Documents\Playground\University\senior-project-1\dataset\internet\clear\จารย์แดง1.wav,2.572296,2.775293,none,เหี้ย,0.6163572669029236,0.06655639344262292
C:\Users\muldi\Documents\Playground\University\senior-project-1\dataset\internet\clear\จารย์แดง1.wav,2.775387,3.472544,none,เหี้ย,0.6163572669029236,0.22857606557377058
C:\Users\muldi\Documents\Playground\University\senior-project-1\dataset\internet\clear\จารย์แดง1.wav,3.472544,3.657632,เหี้ย,เหี้ย,0.6163572669029236,0.060684590163934404
C:\Users\muldi\Documents\Playground\University\senior-project-1\dataset\internet\clear\จารย์แดง1.wav,3.657632,4.661521,none,เหี้ย,0.6163572669029236,0.32914393442622936
C:\Users\muldi\Documents\Playground\University\senior-project-1\dataset\internet\clear\จารย์แดง1.wav,4.661521,4.793888,มึง,เหี้ย,0.6163572669029236,0.043399016393442735
C:\Users\muldi\Documents\Playground\University\senior-project-1\dataset\internet\clear\จารย์แดง1.wav,4.793888,6.532306,none,เหี้ย,0.6163572669029236,0.1313969264037146
C:\Users\muldi\Documents\Playground\University\senior-project-1\dataset\internet\clear\จารย์แดง1.wav,6.532306,6.669085,มึง,none,0.0,0.0
C:\Users\muldi\Documents\Playground\University\senior-project-1\dataset\internet\clear\จารย์แดง1.wav,6.669085,7.40837,none,เหี้ย,0.7973431348800659,0.15494762893887815
C:\Users\muldi\Documents\Playground\University\senior-project-1\dataset\internet\clear\จารย์แดง1.wav,7.40837,7.649822,เหี้ย,เหี้ย,0.7973431348800659,0.07916459016393468
C:\Users\muldi\Documents\Playground\University\senior-project-1\dataset\internet\clear\จารย์แดง1.wav,7.649822,7.697617,none,เหี้ย,0.7973431348800659,0.015670491803278633
C:\Users\muldi\Documents\Playground\University\senior-project-1\dataset\internet\clear\จารย์แดง1.wav,7.697617,7.913764,มึง,เหี้ย,0.7973431348800659,0.07086786885245885
C:\Users\muldi\Documents\Playground\University\senior-project-1\dataset\internet\clear\จารย์แดง1.wav,7.913764,8.525175,none,เหี้ย,0.7973431348800659,0.20046262295082015
C:\Users\muldi\Documents\Playground\University\senior-project-1\dataset\internet\clear\จารย์แดง1.wav,8.525175,8.880846,เหี้ย,เหี้ย,0.7973431348800659,0.11661344262295059
C:\Users\muldi\Documents\Playground\University\senior-project-1\dataset\internet\clear\จารย์แดง1.wav,8.880846,9.145259,none,เหี้ย,0.7973431348800659,0.08669278688524572
C:\Users\muldi\Documents\Playground\University\senior-project-1\dataset\internet\clear\จารย์แดง1.wav,9.145259,9.308274,มึง,เหี้ย,0.7973431348800659,0.05344754098360706
C:\Users\muldi\Documents\Playground\University\senior-project-1\dataset\internet\clear\จารย์แดง1.wav,9.308274,10.891632,none,เหี้ย,0.7973431348800659,0.16076782629260378
C:\Users\muldi\Documents\Playground\University\senior-project-1\dataset\internet\clear\จารย์แดง1.wav,11.191145,12.283356,none,none,0.0,0.0
C:\Users\muldi\Documents\Playground\University\senior-project-1\dataset\internet\clear\ชีวิตมันจะสู้ก็ต้องสู้ #honkaistarrail.wav,3.514832,3.739324,มึง,none,0.0,0.0
C:\Users\muldi\Documents\Playground\University\senior-project-1\dataset\internet\clear\ชีวิตมันจะสู้ก็ต้องสู้ #honkaistarrail.wav,6.264837,6.429226,มึง,none,0.0,0.0
C:\Users\muldi\Documents\Playground\University\senior-project-1\dataset\internet\clear\ชีวิตมันจะสู้ก็ต้องสู้ #honkaistarrail.wav,11.123742,11.785848,มึง,none,0.0,0.0
C:\Users\muldi\Documents\Playground\University\senior-project-1\dataset\internet\clear\ชีวิตมันจะสู้ก็ต้องสู้ #honkaistarrail.wav,17.212415,17.374221,เหี้ย,none,0.0,0.0
C:\Users\muldi\Documents\Playground\University\senior-project-1\dataset\internet\clear\ชีวิตมันจะสู้ก็ต้องสู้ #honkaistarrail.wav,24.387903,24.435408,มึง,none,0.0,0.0
C:\Users\muldi\Documents\Playground\University\senior-project-1\dataset\internet\clear\ช่วยด้วย!! นวยจะมาอยู่ด้วย!!.wav,0.0,12.799492,none,none,0.0,0.0
C:\Users\muldi\Documents\Playground\University\senior-project-1\dataset\internet\clear\ช่วยด้วย!! นวยจะมาอยู่ด้วย!!.wav,12.796937,13.298601,กู,none,0.0,0.0
C:\Users\muldi\Documents\Playground\University\senior-project-1\dataset\internet\clear\ช่วยด้วย!! นวยจะมาอยู่ด้วย!!.wav,13.298601,13.676268,none,none,0.0,0.0
C:\Users\muldi\Documents\Playground\University\senior-project-1\dataset\internet\clear\ช่วยด้วย!! นวยจะมาอยู่ด้วย!!.wav,13.676268,13.763936,มึง,none,0.0,0.0
C:\Users\muldi\Documents\Playground\University\senior-project-1\dataset\internet\clear\ช่วยด้วย!! นวยจะมาอยู่ด้วย!!.wav,13.763936,33.564691,none,none,0.0,0.0
C:\Users\muldi\Documents\Playground\University\senior-project-1\dataset\internet\clear\ช่วยด้วย!! นวยจะมาอยู่ด้วย!!.wav,33.564691,33.945743,กู,none,0.0,0.0
C:\Users\muldi\Documents\Playground\University\senior-project-1\dataset\internet\clear\ซามามาเท.wav,7.602102,7.667882,กู,none,0.0,0.0
C:\Users\muldi\Documents\Playground\University\senior-project-1\dataset\internet\clear\ซามามาเท.wav,18.39396,18.465963,กู,none,0.0,0.0
C:\Users\muldi\Documents\Playground\University\senior-project-1\dataset\internet\clear\ซามามาเท.wav,25.718049,25.847625,มึง,none,0.0,0.0
C:\Users\muldi\Documents\Playground\University\senior-project-1\dataset\internet\clear\ซามามาเท.wav,25.847625,26.04843,มึง,none,0.0,0.0
C:\Users\muldi\Documents\Playground\University\senior-project-1\dataset\internet\clear\ถ้าจะมาหลอกแค่นี้ อย่ามาดีกว่าไอ้น้อง.wav,13.251428,14.233201,none,none,0.0,0.0
C:\Users\muldi\Documents\Playground\University\senior-project-1\dataset\internet\clear\ถ้าจะมาหลอกแค่นี้ อย่ามาดีกว่าไอ้น้อง.wav,15.136641,15.249674,มึง,none,0.0,0.0
C:\Users\muldi\Documents\Playground\University\senior-project-1\dataset\internet\clear\ถ้าจะมาหลอกแค่นี้ อย่ามาดีกว่าไอ้น้อง.wav,15.877913,15.992726,กู,none,0.0,0.0
C:\Users\muldi\Documents\Playground\University\senior-project-1\dataset\internet\clear\ถ้าจะมาหลอกแค่นี้ อย่ามาดีกว่าไอ้น้อง.wav,17.752482,18.719152,none,none,0.0,0.0
C:\Users\muldi\Documents\Playground\University\senior-project-1\dataset\internet\clear\ถ้าจะมาหลอกแค่นี้ อย่ามาดีกว่าไอ้น้อง.wav,19.382608,19.435473,กู,none,0.0,0.0
C:\Users\muldi\Documents\Playground\University\senior-project-1\dataset\internet\clear\ถ้าจะมาหลอกแค่นี้ อย่ามาดีกว่าไอ้น้อง.wav,42.592481,42.703995,กู,none,0.0,0.0
C:\Users\muldi\Documents\Playground\University\senior-project-1\dataset\internet\clear\ถ้าวันนึงหีมึงเหี่ยว.wav,5.294268,5.558295,none,none,0.0,0.0
C:\Users\muldi\Documents\Playground\University\senior-project-1\dataset\internet\clear\ถ้าวันนึงหีมึงเหี่ยว.wav,5.570895,5.802535,มึง,none,0.0,0.0
C:\Users\muldi\Documents\Playground\University\senior-project-1\dataset\internet\clear\ถ้าวันนึงหีมึงเหี่ยว.wav,7.282757,7.473012,มึง,none,0.0,0.0
C:\Users\muldi\Documents\Playground\University\senior-project-1\dataset\internet\clear\ถ้าวันนึงหีมึงเหี่ยว.wav,7.887292,7.996571,กู,none,0.0,0.0
C:\Users\muldi\Documents\Playground\University\senior-project-1\dataset\internet\clear\ถ้าวันนึงหีมึงเหี่ยว.wav,8.195119,8.340567,กู,none,0.0,0.0
C:\Users\muldi\Documents\Playground\University\senior-project-1\dataset\internet\clear\ถ้าวันนึงหีมึงเหี่ยว.wav,8.387511,8.645316,none,none,0.0,0.0
C:\Users\muldi\Documents\Playground\University\senior-project-1\dataset\internet\clear\ถ้าวันนึงหีมึงเหี่ยว.wav,11.203356,11.441152,none,none,0.0,0.0
C:\Users\muldi\Documents\Playground\University\senior-project-1\dataset\internet\clear\ถ้าวันนึงหีมึงเหี่ยว.wav,11.512722,11.625848,มึง,none,0.0,0.0
C:\Users\muldi\Documents\Playground\University\senior-project-1\dataset\internet\clear\ถ้าวันนึงหีมึงเหี่ยว.wav,12.928725,13.001065,กู,none,0.0,0.0
C:\Users\muldi\Documents\Playground\University\senior-project-1\dataset\internet\clear\ถ้าวันนึงหีมึงเหี่ยว.wav,13.908701,14.008097,มึง,none,0.0,0.0
C:\Users\muldi\Documents\Playground\University\senior-project-1\dataset\internet\clear\ถ้าวันนึงหีมึงเหี่ยว.wav,14.849203,15.102784,none,none,0.0,0.0
C:\Users\muldi\Documents\Playground\University\senior-project-1\dataset\internet\clear\ถ้าวันนึงหีมึงเหี่ยว.wav,15.714563,15.849237,มึง,none,0.0,0.0
C:\Users\muldi\Documents\Playground\University\senior-project-1\dataset\internet\clear\ถ้าวันนึงหีมึงเหี่ยว.wav,15.976985,16.152446,มึง,none,0.0,0.0
C:\Users\muldi\Documents\Playground\University\senior-project-1\dataset\internet\clear\ประชุมรวมญาติเชลซี.wav,142.941353,143.029457,กู,none,0.0,0.0
C:\Users\muldi\Documents\Playground\University\senior-project-1\dataset\internet\clear\ประชุมรวมญาติเชลซี.wav,143.633679,143.746699,เหี้ย,none,0.0,0.0
C:\Users\muldi\Documents\Playground\University\senior-project-1\dataset\internet\clear\ประชุมรวมญาติเชลซี.wav,144.797836,144.835388,กู,none,0.0,0.0
C:\Users\muldi\Documents\Playground\University\senior-project-1\dataset\internet\clear\ประชุมรวมญาติเชลซี.wav,180.565019,180.615698,กู,none,0.0,0.0
C:\Users\muldi\Documents\Playground\University\senior-project-1\dataset\internet\clear\ประชุมรวมญาติเชลซี.wav,181.523369,181.735847,กู,none,0.0,0.0
C:\Users\muldi\Documents\Playground\University\senior-project-1\dataset\internet\clear\พากย์สุดโต่ง VS พากย์สุขุม.wav,32.452874,32.641612,มึง,none,0.0,0.0
C:\Users\muldi\Documents\Playground\University\senior-project-1\dataset\internet\clear\พากย์สุดโต่ง VS พากย์สุขุม.wav,56.540153,56.668495,กู,none,0.0,0.0
C:\Users\muldi\Documents\Playground\University\senior-project-1\dataset\internet\clear\พากย์สุดโต่ง VS พากย์สุขุม.wav,116.467457,116.575307,มึง,none,0.0,0.0
C:\Users\muldi\Documents\Playground\University\senior-project-1\dataset\internet\clear\พากย์สุดโต่ง VS พากย์สุขุม.wav,118.800997,118.94333,มึง,none,0.0,0.0
C:\Users\muldi\Documents\Playground\University\senior-project-1\dataset\internet\clear\มันไปเล่นเอไอเอสชั่วโมงละ60บาท.wav,3.948172,4.024041,กู,none,0.0,0.0
C:\Users\muldi\Documents\Playground\University\senior-project-1\dataset\internet\clear\มันไปเล่นเอไอเอสชั่วโมงละ60บาท.wav,5.286131,5.396971,กู,none,0.0,0.0
C:\Users\muldi\Documents\Playground\University\senior-project-1\dataset\internet\clear\มันไปเล่นเอไอเอสชั่วโมงละ60บาท.wav,8.614763,8.872702,เหี้ย,none,0.0,0.0
C:\Users\muldi\Documents\Playground\University\senior-project-1\dataset\internet\clear\มันไปเล่นเอไอเอสชั่วโมงละ60บาท.wav,9.110158,9.19415,กู,none,0.0,0.0
C:\Users\muldi\Documents\Playground\University\senior-project-1\dataset\internet\clear\มันไปเล่นเอไอเอสชั่วโมงละ60บาท.wav,10.540894,10.616774,กู,none,0.0,0.0
C:\Users\muldi\Documents\Playground\University\senior-project-1\dataset\internet\clear\รายการเย็ดแม่.wav,0.0,2.917098,none,none,0.0,0.0
C:\Users\muldi\Documents\Playground\University\senior-project-1\dataset\internet\clear\รายการเย็ดแม่.wav,2.917098,2.971922,เย็ด,none,0.0,0.0
C:\Users\muldi\Documents\Playground\University\senior-project-1\dataset\internet\clear\รายการเย็ดแม่.wav,2.971922,27.863231,none,none,0.0,0.0
C:\Users\muldi\Documents\Playground\University\senior-project-1\dataset\internet\clear\รายการเย็ดแม่.wav,27.863231,28.134757,เย็ด,none,0.0,0.0
C:\Users\muldi\Documents\Playground\University\senior-project-1\dataset\internet\clear\รายการเย็ดแม่.wav,28.134757,32.602139,none,none,0.0,0.0
C:\Users\muldi\Documents\Playground\University\senior-project-1\dataset\internet\clear\รายการเย็ดแม่.wav,32.602139,32.76513,เย็ด,none,0.0,0.0
C:\Users\muldi\Documents\Playground\University\senior-project-1\dataset\internet\clear\รายการเย็ดแม่.wav,32.76513,33.968825,none,none,0.0,0.0
C:\Users\muldi\Documents\Playground\University\senior-project-1\dataset\internet\clear\รายการเย็ดแม่.wav,33.968825,34.028098,เย็ด,none,0.0,0.0
C:\Users\muldi\Documents\Playground\University\senior-project-1\dataset\internet\clear\รายการเย็ดแม่.wav,34.028098,34.950411,none,none,0.0,0.0
C:\Users\muldi\Documents\Playground\University\senior-project-1\dataset\internet\clear\รายการเย็ดแม่.wav,34.950411,35.001791,เย็ด,none,0.0,0.0
C:\Users\muldi\Documents\Playground\University\senior-project-1\dataset\internet\clear\รายการเย็ดแม่.wav,35.001791,35.502075,none,none,0.0,0.0
C:\Users\muldi\Documents\Playground\University\senior-project-1\dataset\internet\clear\รายการเย็ดแม่.wav,35.502075,35.572734,เย็ด,none,0.0,0.0
C:\Users\muldi\Documents\Playground\University\senior-project-1\dataset\internet\clear\รายการเย็ดแม่.wav,35.572734,36.946539,none,none,0.0,0.0
C:\Users\muldi\Documents\Playground\University\senior-project-1\dataset\internet\clear\รายการเย็ดแม่.wav,36.946539,37.039431,เย็ด,none,0.0,0.0
C:\Users\muldi\Documents\Playground\University\senior-project-1\dataset\internet\clear\รายการเย็ดแม่.wav,37.039431,37.695835,none,none,0.0,0.0
C:\Users\muldi\Documents\Playground\University\senior-project-1\dataset\internet\clear\รายการเย็ดแม่.wav,37.761213,92.642736,none,กู,0.7304564714431763,0.0346200304973316
C:\Users\muldi\Documents\Playground\University\senior-project-1\dataset\internet\clear\รายการเย็ดแม่.wav,92.642736,92.708451,กู,none,0.0,0.0
C:\Users\muldi\Documents\Playground\University\senior-project-1\dataset\internet\clear\รายการเย็ดแม่.wav,92.708451,93.802158,none,none,0.0,0.0
C:\Users\muldi\Documents\Playground\University\senior-project-1\dataset\internet\clear\รายการเย็ดแม่.wav,93.802158,93.903215,เย็ด,none,0.0,0.0
C:\Users\muldi\Documents\Playground\University\senior-project-1\dataset\internet\clear\รายการเย็ดแม่.wav,93.903215,102.430887,none,none,0.0,0.0
C:\Users\muldi\Documents\Playground\University\senior-project-1\dataset\internet\clear\รายการเย็ดแม่.wav,102.59951,106.407147,none,none,0.0,0.0
C:\Users\muldi\Documents\Playground\University\senior-project-1\dataset\internet\clear\รายการเย็ดแม่.wav,106.408161,106.477792,เย็ด,none,0.0,0.0
C:\Users\muldi\Documents\Playground\University\senior-project-1\dataset\internet\clear\รายการเย็ดแม่.wav,106.477792,106.825602,none,none,0.0,0.0
C:\Users\muldi\Documents\Playground\University\senior-project-1\dataset\internet\clear\รายการเย็ดแม่.wav,106.825602,106.866893,เย็ด,none,0.0,0.0
C:\Users\muldi\Documents\Playground\University\senior-project-1\dataset\internet\clear\รายการเย็ดแม่.wav,106.866893,107.189344,none,none,0.0,0.0
C:\Users\muldi\Documents\Playground\University\senior-project-1\dataset\internet\clear\รายการเย็ดแม่.wav,107.189344,107.248474,เย็ด,none,0.0,0.0
C:\Users\muldi\Documents\Playground\University\senior-project-1\dataset\internet\clear\รายการเย็ดแม่.wav,107.248474,107.609723,none,none,0.0,0.0
C:\Users\muldi\Documents\Playground\University\senior-project-1\dataset\internet\clear\รายการเย็ดแม่.wav,107.609723,107.672679,เย็ด,none,0.0,0.0
C:\Users\muldi\Documents\Playground\University\senior-project-1\dataset\internet\clear\รายการเย็ดแม่.wav,107.672679,107.993488,none,none,0.0,0.0
C:\Users\muldi\Documents\Playground\University\senior-project-1\dataset\internet\clear\รายการเย็ดแม่.wav,107.993488,108.041082,เย็ด,none,0.0,0.0
C:\Users\muldi\Documents\Playground\University\senior-project-1\dataset\internet\clear\รายการเย็ดแม่.wav,108.041082,108.605772,none,none,0.0,0.0
C:\Users\muldi\Documents\Playground\University\senior-project-1\dataset\internet\clear\รายการเย็ดแม่.wav,108.605772,108.675626,เย็ด,none,0.0,0.0
C:\Users\muldi\Documents\Playground\University\senior-project-1\dataset\internet\clear\รายการเย็ดแม่.wav,108.675626,108.89964,none,none,0.0,0.0
C:\Users\muldi\Documents\Playground\University\senior-project-1\dataset\internet\clear\รายการเย็ดแม่.wav,108.89964,108.958406,กู,none,0.0,0.0
C:\Users\muldi\Documents\Playground\University\senior-project-1\dataset\internet\clear\รายการเย็ดแม่.wav,108.958406,114.864021,none,none,0.0,0.0
C:\Users\muldi\Documents\Playground\University\senior-project-1\dataset\internet\clear\รายการเย็ดแม่.wav,114.864021,114.937478,เย็ด,none,0.0,0.0
C:\Users\muldi\Documents\Playground\University\senior-project-1\dataset\internet\clear\รายการเย็ดแม่.wav,114.937478,151.008217,none,none,0.0,0.0
C:\Users\muldi\Documents\Playground\University\senior-project-1\dataset\internet\clear\รายการเย็ดแม่.wav,151.008217,151.136017,เย็ด,none,0.0,0.0
C:\Users\muldi\Documents\Playground\University\senior-project-1\dataset\internet\clear\รายการเย็ดแม่.wav,151.136017,152.006016,none,none,0.0,0.0
C:\Users\muldi\Documents\Playground\University\senior-project-1\dataset\internet\clear\รายการเย็ดแม่.wav,152.006016,152.092069,กู,none,0.0,0.0
C:\Users\muldi\Documents\Playground\University\senior-project-1\dataset\internet\clear\รายการเย็ดแม่.wav,152.092069,170.145049,none,มึง,0.5580389499664307,0.05806835330980849
C:\Users\muldi\Documents\Playground\University\senior-project-1\dataset\internet\clear\รายการเย็ดแม่.wav,170.145049,170.364915,มึง,มึง,0.5580389499664307,0.1157189473684204
C:\Users\muldi\Documents\Playground\University\senior-project-1\dataset\internet\clear\รายการเย็ดแม่.wav,170.364915,177.97553,none,มึง,0.5580389499664307,0.06555184958204091
C:\Users\muldi\Documents\Playground\University\senior-project-1\dataset\internet\clear\รายการเย็ดแม่.wav,177.97553,178.04001,เย็ด,none,0.0,0.0
C:\Users\muldi\Documents\Playground\University\senior-project-1\dataset\internet\clear\รายการเย็ดแม่.wav,178.04001,182.152395,none,เหี้ย,0.6719682216644287,0.2882010579155721
C:\Users\muldi\Documents\Playground\University\senior-project-1\dataset\internet\clear\รายการเย็ดแม่.wav,182.152395,182.263848,เหี้ย,เหี้ย,0.6719682216644287,0.036541967213109434
C:\Users\muldi\Documents\Playground\University\senior-project-1\dataset\internet\clear\รายการเย็ดแม่.wav,182.263848,204.198727,none,มึง,0.5210852026939392,0.08662003560630566
C:\Users\muldi\Documents\Playground\University\senior-project-1\dataset\internet\clear\รายการเย็ดแม่.wav,204.198727,204.293331,เหี้ย,none,0.0,0.0
C:\Users\muldi\Documents\Playground\University\senior-project-1\dataset\internet\clear\รายการเย็ดแม่.wav,204.293331,204.34993,none,none,0.0,0.0
C:\Users\muldi\Documents\Playground\University\senior-project-1\dataset\internet\clear\รายการเย็ดแม่.wav,204.34993,204.474592,มึง,none,0.0,0.0
C:\Users\muldi\Documents\Playground\University\senior-project-1\dataset\internet\clear\รายการเย็ดแม่.wav,204.474592,205.228977,none,none,0.0,0.0
C:\Users\muldi\Documents\Playground\University\senior-project-1\dataset\internet\clear\รายการเย็ดแม่.wav,205.228977,205.311368,กู,none,0.0,0.0
C:\Users\muldi\Documents\Playground\University\senior-project-1\dataset\internet\clear\รายการเย็ดแม่.wav,205.311368,206.395352,none,none,0.0,0.0
C:\Users\muldi\Documents\Playground\University\senior-project-1\dataset\internet\clear\รายการเย็ดแม่.wav,206.395352,206.434756,กู,none,0.0,0.0
C:\Users\muldi\Documents\Playground\University\senior-project-1\dataset\internet\clear\รายการเย็ดแม่.wav,206.434756,207.317418,none,none,0.0,0.0
C:\Users\muldi\Documents\Playground\University\senior-project-1\dataset\internet\clear\รายการเย็ดแม่.wav,207.317418,207.401243,กู,none,0.0,0.0
C:\Users\muldi\Documents\Playground\University\senior-project-1\dataset\internet\clear\รายการเย็ดแม่.wav,207.401243,208.711623,none,เหี้ย,0.7017229795455933,0.2120326628679013
C:\Users\muldi\Documents\Playground\University\senior-project-1\dataset\internet\clear\รายการเย็ดแม่.wav,208.711623,208.83127,เหี้ย,เหี้ย,0.7017229795455933,0.06297210526315049
C:\Users\muldi\Documents\Playground\University\senior-project-1\dataset\internet\clear\รายการเย็ดแม่.wav,208.83127,208.892168,none,เหี้ย,0.7017229795455933,0.03205157894737295
C:\Users\muldi\Documents\Playground\University\senior-project-1\dataset\internet\clear\รายการเย็ดแม่.wav,208.892168,208.996769,เหี้ย,เหี้ย,0.7017229795455933,0.055053157894737935
C:\Users\muldi\Documents\Playground\University\senior-project-1\dataset\internet\clear\รายการเย็ดแม่.wav,208.996769,243.468469,none,เหี้ย,0.6779879927635193,0.05511767623876911
C:\Users\muldi\Documents\Playground\University\senior-project-1\dataset\internet\clear\รายการเย็ดแม่.wav,243.468469,243.609901,มึง,none,0.0,0.0
C:\Users\muldi\Documents\Playground\University\senior-project-1\dataset\internet\clear\รายการเย็ดแม่.wav,243.609901,246.360368,none,none,0.0,0.0
C:\Users\muldi\Documents\Playground\University\senior-project-1\dataset\internet\clear\รายการเย็ดแม่.wav,246.360368,246.591064,มึง,none,0.0,0.0
C:\Users\muldi\Documents\Playground\University\senior-project-1\dataset\internet\clear\รายการเย็ดแม่.wav,246.591064,255.14347,none,none,0.0,0.0
C:\Users\muldi\Documents\Playground\University\senior-project-1\dataset\internet\clear\รายการเย็ดแม่.wav,255.14347,255.208223,กู,none,0.0,0.0
C:\Users\muldi\Documents\Playground\University\senior-project-1\dataset\internet\clear\รายการเย็ดแม่.wav,255.208223,260.968038,none,เหี้ย,0.7313393950462341,0.13795773244308168
C:\Users\muldi\Documents\Playground\University\senior-project-1\dataset\internet\clear\รายการเย็ดแม่.wav,260.968038,261.259842,เหี้ย,เหี้ย,0.7313393950462341,0.09567344262295481
C:\Users\muldi\Documents\Playground\University\senior-project-1\dataset\internet\clear\รายการเย็ดแม่.wav,261.259842,295.869852,none,เหี้ย,0.7313393950462341,0.04698818332641448
C:\Users\muldi\Documents\Playground\University\senior-project-1\dataset\internet\clear\รายการเย็ดแม่.wav,295.965856,297.626608,none,เหี้ย,0.8667958378791809,0.3517681645346535
C:\Users\muldi\Documents\Playground\University\senior-project-1\dataset\internet\clear\รายการเย็ดแม่.wav,297.626608,297.919932,เหี้ย,เหี้ย,0.8667958378791809,0.15438105263159776
C:\Users\muldi\Documents\Playground\University\senior-project-1\dataset\internet\clear\รายการเย็ดแม่.wav,297.919748,300.009289,none,เหี้ย,0.8667958378791809,0.20555835407544903
C:\Users\muldi\Documents\Playground\University\senior-project-1\dataset\internet\clear\รายการเย็ดแม่.wav,300.009289,300.090018,กู,none,0.0,0.0
C:\Users\muldi\Documents\Playground\University\senior-project-1\dataset\internet\clear\รายการเย็ดแม่.wav,300.090018,405.083256,none,มึง,0.6182008385658264,0.02904948983476451
C:\Users\muldi\Documents\Playground\University\senior-project-1\dataset\internet\clear\รายการเย็ดแม่.wav,405.083256,405.144555,กู,none,0.0,0.0
C:\Users\muldi\Documents\Playground\University\senior-project-1\dataset\internet\clear\รายการเย็ดแม่.wav,405.144555,420.596908,none,เหี้ย,0.508865475654602,0.05131082500350565
C:\Users\muldi\Documents\Playground\University\senior-project-1\dataset\internet\clear\รายการเย็ดแม่.wav,420.596908,421.001609,เหี้ย,เหี้ย,0.508865475654602,0.21300052631578606
C:\Users\muldi\Documents\Playground\University\senior-project-1\dataset\internet\clear\รายการเย็ดแม่.wav,421.001253,432.51693,none,เหี้ย,0.6991062760353088,0.10428482871525817
C:\Users\muldi\Documents\Playground\University\senior-project-1\dataset\internet\clear\รายการเย็ดแม่.wav,432.51693,432.769975,เหี้ย,เหี้ย,0.6991062760353088,0.13318157894736263
C:\Users\muldi\Documents\Playground\University\senior-project-1\dataset\internet\clear\รายการเย็ดแม่.wav,432.769975,435.798669,none,เหี้ย,0.6991062760353088,0.08354641764436754
C:\Users\muldi\Documents\Playground\University\senior-project-1\dataset\internet\clear\รายการเย็ดแม่.wav,435.798667,435.957718,เหี้ย,none,0.0,0.0
C:\Users\muldi\Documents\Playground\University\senior-project-1\dataset\internet\clear\รายการเย็ดแม่.wav,435.957742,444.431797,none,เหี้ย,0.5020579099655151,0.054032011759907045
C:\Users\muldi\Documents\Playground\University\senior-project-1\dataset\internet\clear\รายการเย็ดแม่.wav,444.43181,444.659627,เหี้ย,เหี้ย,0.5020579099655151,0.11990368421053255
C:\Users\muldi\Documents\Playground\University\senior-project-1\dataset\internet\clear\รายการเย็ดแม่.wav,444.659627,482.96594,none,เหี้ย,0.5020579099655151,0.02919097812570261
C:\Users\muldi\Documents\Playground\University\senior-project-1\dataset\internet\clear\รายการเย็ดแม่.wav,482.96594,483.06655,กู,none,0.0,0.0
C:\Users\muldi\Documents\Playground\University\senior-project-1\dataset\internet\clear\รายการเย็ดแม่.wav,483.06655,492.436153,none,เหี้ย,0.6547454595565796,0.14024991273290008
C:\Users\muldi\Documents\Playground\University\senior-project-1\dataset\internet\clear\รายการเย็ดแม่.wav,492.436153,492.55062,เหี้ย,เหี้ย,0.6547454595565796,0.06024578947367996
C:\Users\muldi\Documents\Playground\University\senior-project-1\dataset\internet\clear\รายการเย็ดแม่.wav,492.550433,493.803484,none,เหี้ย,0.6547454595565796,0.14511324561900063
C:\Users\muldi\Documents\Playground\University\senior-project-1\dataset\internet\clear\รายการเย็ดแม่.wav,493.803484,493.865236,กู,none,0.0,0.0
C:\Users\muldi\Documents\Playground\University\senior-project-1\dataset\internet\clear\รายการเย็ดแม่.wav,493.865429,495.657192,none,เหี้ย,0.5455676913261414,0.4565632606070306
C:\Users\muldi\Documents\Playground\University\senior-project-1\dataset\internet\clear\รายการเย็ดแม่.wav,496.038037,508.49982,none,เหี้ย,0.574068546295166,0.10373684585485055
C:\Users\muldi\Documents\Playground\University\senior-project-1\dataset\internet\clear\รายการเย็ดแม่.wav,508.49982,508.816712,เหี้ย,เหี้ย,0.574068546295166,0.1667852631578895
C:\Users\muldi\Documents\Playground\University\senior-project-1\dataset\internet\clear\รายการเย็ดแม่.wav,508.816179,510.198216,none,เหี้ย,0.574068546295166,0.07670749054530013
C:\Users\muldi\Documents\Playground\University\senior-project-1\dataset\internet\clear\รายการเย็ดแม่.wav,510.198216,510.283245,กู,none,0.0,0.0
C:\Users\muldi\Documents\Playground\University\senior-project-1\dataset\internet\clear\รายการเย็ดแม่.wav,510.283245,517.210471,none,none,0.0,0.0
C:\Users\muldi\Documents\Playground\University\senior-project-1\dataset\internet\clear\รายการเย็ดแม่.wav,517.211817,517.37881,กู,none,0.0,0.0
C:\Users\muldi\Documents\Playground\University\senior-project-1\dataset\internet\clear\รายการเย็ดแม่.wav,517.378302,518.503692,none,none,0.0,0.0
C:\Users\muldi\Documents\Playground\University\senior-project-1\dataset\internet\clear\รายการเย็ดแม่.wav,518.504897,518.633823,กู,none,0.0,0.0
C:\Users\muldi\Documents\Playground\University\senior-project-1\dataset\internet\clear\รายการเย็ดแม่.wav,518.633823,520.082131,none,เหี้ย,0.5962935090065002,0.7473897244357205
C:\Users\muldi\Documents\Playground\University\senior-project-1\dataset\internet\clear\รายการเย็ดแม่.wav,520.082131,520.161655,กู,เหี้ย,0.5962935090065002,0.041854736842101635
C:\Users\muldi\Documents\Playground\University\senior-project-1\dataset\internet\clear\รายการเย็ดแม่.wav,520.161655,560.29935,none,เหี้ย,0.5962935090065002,0.009324155118866397
C:\Users\muldi\Documents\Playground\University\senior-project-1\dataset\internet\clear\รายการเย็ดแม่.wav,560.29935,560.455384,มึง,none,0.0,0.0
C:\Users\muldi\Documents\Playground\University\senior-project-1\dataset\internet\clear\รายการเย็ดแม่.wav,560.455384,564.528348,none,none,0.0,0.0
C:\Users\muldi\Documents\Playground\University\senior-project-1\dataset\internet\clear\รายการเย็ดแม่.wav,564.680298,572.60076,none,none,0.0,0.0
C:\Users\muldi\Documents\Playground\University\senior-project-1\dataset\internet\clear\รายการเย็ดแม่.wav,572.600549,572.885329,เย็ด,none,0.0,0.0
C:\Users\muldi\Documents\Playground\University\senior-project-1\dataset\internet\clear\รายการเย็ดแม่.wav,572.885329,579.084401,none,เหี้ย,0.6994284987449646,0.08498713473104252
C:\Users\muldi\Documents\Playground\University\senior-project-1\dataset\internet\clear\รายการเย็ดแม่.wav,579.084401,579.259686,เหี้ย,เหี้ย,0.6994284987449646,0.09225526315791203
C:\Users\muldi\Documents\Playground\University\senior-project-1\dataset\internet\clear\รายการเย็ดแม่.wav,579.259354,580.978769,none,เหี้ย,0.6994284987449646,0.43129522704524914
C:\Users\muldi\Documents\Playground\University\senior-project-1\dataset\internet\clear\รายการเย็ดแม่.wav,580.978769,581.042601,กู,none,0.0,0.0
C:\Users\muldi\Documents\Playground\University\senior-project-1\dataset\internet\clear\รายการเย็ดแม่.wav,581.042601,582.340521,none,none,0.0,0.0
C:\Users\muldi\Documents\Playground\University\senior-project-1\dataset\internet\clear\รายการเย็ดแม่.wav,582.340521,582.408406,เย็ด,none,0.0,0.0
C:\Users\muldi\Documents\Playground\University\senior-project-1\dataset\internet\clear\รายการเย็ดแม่.wav,582.408406,584.045751,none,none,0.0,0.0
C:\Users\muldi\Documents\Playground\University\senior-project-1\dataset\internet\clear\รายการเย็ดแม่.wav,584.045751,584.129847,เย็ด,none,0.0,0.0
C:\Users\muldi\Documents\Playground\University\senior-project-1\dataset\internet\clear\รายการเย็ดแม่.wav,584.129847,588.810975,none,เหี้ย,0.6133889555931091,0.001670432941216189
C:\Users\muldi\Documents\Playground\University\senior-project-1\dataset\internet\clear\รายการเย็ดแม่.wav,588.810975,589.066576,เหี้ย,เหี้ย,0.6133889555931091,0.1345268421052934
C:\Users\muldi\Documents\Playground\University\senior-project-1\dataset\internet\clear\รายการเย็ดแม่.wav,589.06644,595.955875,none,เหี้ย,0.6133889555931091,0.22828235540728334
C:\Users\muldi\Documents\Playground\University\senior-project-1\dataset\internet\clear\รายการเย็ดแม่.wav,595.955513,596.080891,มึง,none,0.0,0.0
C:\Users\muldi\Documents\Playground\University\senior-project-1\dataset\internet\clear\รายการเย็ดแม่.wav,596.081119,600.074459,none,none,0.0,0.0
C:\Users\muldi\Documents\Playground\University\senior-project-1\dataset\internet\clear\รายการเย็ดแม่.wav,600.257537,609.50113,none,none,0.0,0.0
C:\Users\muldi\Documents\Playground\University\senior-project-1\dataset\internet\clear\รายการเย็ดแม่.wav,609.501024,609.734472,เหี้ย,none,0.0,0.0
C:\Users\muldi\Documents\Playground\University\senior-project-1\dataset\internet\clear\รายการเย็ดแม่.wav,609.734472,643.74399,none,เหี้ย,0.8263028860092163,0.02553124430966828
C:\Users\muldi\Documents\Playground\University\senior-project-1\dataset\internet\clear\รายการเย็ดแม่.wav,643.744092,643.965478,เหี้ย,เหี้ย,0.8263028860092163,0.11651894736839012
C:\Users\muldi\Documents\Playground\University\senior-project-1\dataset\internet\clear\รายการเย็ดแม่.wav,643.965478,650.581929,none,กู,0.5970956087112427,0.10826034462520165
C:\Users\muldi\Documents\Playground\University\senior-project-1\dataset\internet\clear\รายการเย็ดแม่.wav,650.581929,650.733102,กู,กู,0.5970956087112427,0.0795647368421511
C:\Users\muldi\Documents\Playground\University\senior-project-1\dataset\internet\clear\รายการเย็ดแม่.wav,650.733102,651.987961,none,กู,0.5970956087112427,0.40970240321432305
C:\Users\muldi\Documents\Playground\University\senior-project-1\dataset\internet\clear\รายการเย็ดแม่.wav,651.98817,652.044403,กู,none,0.0,0.0
C:\Users\muldi\Documents\Playground\University\senior-project-1\dataset\internet\clear\รายการเย็ดแม่.wav,652.044403,653.351232,none,none,0.0,0.0
C:\Users\muldi\Documents\Playground\University\senior-project-1\dataset\internet\clear\รายการเย็ดแม่.wav,653.350944,653.425921,เหี้ย,none,0.0,0.0
C:\Users\muldi\Documents\Playground\University\senior-project-1\dataset\internet\clear\รายการเย็ดแม่.wav,653.425921,657.283074,none,none,0.0,0.0
C:\Users\muldi\Documents\Playground\University\senior-project-1\dataset\internet\clear\รายการเย็ดแม่.wav,657.282481,657.446621,เหี้ย,none,0.0,0.0
C:\Users\muldi\Documents\Playground\University\senior-project-1\dataset\internet\clear\รายการเย็ดแม่.wav,657.446621,659.466112,none,เหี้ย,0.6968674063682556,0.15164693676487734
C:\Users\muldi\Documents\Playground\University\senior-project-1\dataset\internet\clear\รายการเย็ดแม่.wav,659.466958,659.813023,เหี้ย,เหี้ย,0.6968674063682556,0.1821394736842479
C:\Users\muldi\Documents\Playground\University\senior-project-1\dataset\internet\clear\รายการเย็ดแม่.wav,659.813023,670.012003,none,เหี้ย,0.6968674063682556,0.09374224541432312
C:\Users\muldi\Documents\Playground\University\senior-project-1\dataset\internet\clear\รายการเย็ดแม่.wav,670.011277,670.131769,เหี้ย,เหี้ย,0.723660409450531,0.06341684210526692
C:\Users\muldi\Documents\Playground\University\senior-project-1\dataset\internet\clear\รายการเย็ดแม่.wav,670.131769,670.23739,none,เหี้ย,0.723660409450531,0.05559000000001941
C:\Users\muldi\Documents\Playground\University\senior-project-1\dataset\internet\clear\รายการเย็ดแม่.wav,670.23739,670.498856,เหี้ย,เหี้ย,0.723660409450531,0.13761368421054146
C:\Users\muldi\Documents\Playground\University\senior-project-1\dataset\internet\clear\รายการเย็ดแม่.wav,670.498497,675.243853,none,เหี้ย,0.723660409450531,0.11802159306429745
C:\Users\muldi\Documents\Playground\University\senior-project-1\dataset\internet\clear\รายการเย็ดแม่.wav,675.244156,675.501157,เหี้ย,เหี้ย,0.6941795349121094,0.08426262295083724
C:\Users\muldi\Documents\Playground\University\senior-project-1\dataset\internet\clear\รายการเย็ดแม่.wav,675.501157,702.701286,none,เหี้ย,0.6941795349121094,0.09398633394482939
C:\Users\muldi\Documents\Playground\University\senior-project-1\dataset\internet\clear\รายการเย็ดแม่.wav,702.701405,702.98938,เหี้ย,เหี้ย,0.9138995409011841,0.09441803278687365
C:\Users\muldi\Documents\Playground\University\senior-project-1\dataset\internet\clear\รายการเย็ดแม่.wav,702.98938,713.708057,none,เหี้ย,0.9138995409011841,0.12783524847565544
C:\Users\muldi\Documents\Playground\University\senior-project-1\dataset\internet\clear\รายการเย็ดแม่.wav,713.708822,713.789551,กู,none,0.0,0.0
C:\Users\muldi\Documents\Playground\University\senior-project-1\dataset\internet\clear\รายการเย็ดแม่.wav,713.789551,745.701126,none,none,0.0,0.0
C:\Users\muldi\Documents\Playground\University\senior-project-1\dataset\internet\clear\รายการเย็ดแม่.wav,745.701126,745.750773,กู,none,0.0,0.0
C:\Users\muldi\Documents\Playground\University\senior-project-1\dataset\internet\clear\รายการเย็ดแม่.wav,745.750773,746.998684,none,none,0.0,0.0
C:\Users\muldi\Documents\Playground\University\senior-project-1\dataset\internet\clear\รายการเย็ดแม่.wav,746.999046,747.131777,กู,none,0.0,0.0
C:\Users\muldi\Documents\Playground\University\senior-project-1\dataset\internet\clear\รายการเย็ดแม่.wav,747.131777,748.311214,none,none,0.0,0.0
C:\Users\muldi\Documents\Playground\University\senior-project-1\dataset\internet\clear\รายการเย็ดแม่.wav,748.311149,748.428681,กู,none,0.0,0.0
C:\Users\muldi\Documents\Playground\University\senior-project-1\dataset\internet\clear\รายการเย็ดแม่.wav,748.428712,749.630862,none,none,0.0,0.0
C:\Users\muldi\Documents\Playground\University\senior-project-1\dataset\internet\clear\รายการเย็ดแม่.wav,749.631062,749.695814,กู,none,0.0,0.0
C:\Users\muldi\Documents\Playground\University\senior-project-1\dataset\internet\clear\รายการเย็ดแม่.wav,749.695814,752.346298,none,เหี้ย,0.6735866069793701,0.4426809325765855
C:\Users\muldi\Documents\Playground\University\senior-project-1\dataset\internet\clear\รายการเย็ดแม่.wav,752.345344,752.899998,เหี้ย,เหี้ย,0.6735866069793701,0.25879821415205784
C:\Users\muldi\Documents\Playground\University\senior-project-1\dataset\internet\clear\รายการเย็ดแม่.wav,752.899998,774.227346,none,กู,0.654053807258606,0.06219372007026641
C:\Users\muldi\Documents\Playground\University\senior-project-1\dataset\internet\clear\รายการเย็ดแม่.wav,774.227346,774.537475,กู,กู,0.654053807258606,0.10168163934424716
C:\Users\muldi\Documents\Playground\University\senior-project-1\dataset\internet\clear\รายการเย็ดแม่.wav,774.537475,783.76564,none,กู,0.654053807258606,0.11969433612630449
C:\Users\muldi\Documents\Playground\University\senior-project-1\dataset\internet\clear\รายการเย็ดแม่.wav,783.76564,783.952415,เหี้ย,none,0.0,0.0
C:\Users\muldi\Documents\Playground\University\senior-project-1\dataset\internet\clear\รายการเย็ดแม่.wav,783.952415,784.98557,none,none,0.0,0.0
C:\Users\muldi\Documents\Playground\University\senior-project-1\dataset\internet\clear\รายการเย็ดแม่.wav,784.98557,785.237397,เหี้ย,none,0.0,0.0
C:\Users\muldi\Documents\Playground\University\senior-project-1\dataset\internet\clear\รายการเย็ดแม่.wav,785.237397,789.03354,none,เหี้ย,0.5688390731811523,0.29088046216711977
C:\Users\muldi\Documents\Playground\University\senior-project-1\dataset\internet\clear\รายการเย็ดแม่.wav,789.03354,789.221506,เหี้ย,เหี้ย,0.5688390731811523,0.09892947368419083
C:\Users\muldi\Documents\Playground\University\senior-project-1\dataset\internet\clear\รายการเย็ดแม่.wav,789.221506,791.834966,none,เหี้ย,0.5688390731811523,0.10489536510218193
C:\Users\muldi\Documents\Playground\University\senior-project-1\dataset\internet\clear\รายการเย็ดแม่.wav,791.834966,791.947023,มึง,none,0.0,0.0
C:\Users\muldi\Documents\Playground\University\senior-project-1\dataset\internet\clear\รายการเย็ดแม่.wav,791.947023,792.925994,none,none,0.0,0.0
C:\Users\muldi\Documents\Playground\University\senior-project-1\dataset\internet\clear\รายการเย็ดแม่.wav,792.926039,793.001441,มึง,none,0.0,0.0
C:\Users\muldi\Documents\Playground\University\senior-project-1\dataset\internet\clear\รายการเย็ดแม่.wav,793.001441,797.708925,none,none,0.0,0.0
C:\Users\muldi\Documents\Playground\University\senior-project-1\dataset\internet\clear\รายการเย็ดแม่.wav,797.709027,797.767465,กู,none,0.0,0.0
C:\Users\muldi\Documents\Playground\University\senior-project-1\dataset\internet\clear\รายการเย็ดแม่.wav,797.767519,798.508325,none,none,0.0,0.0
C:\Users\muldi\Documents\Playground\University\senior-project-1\dataset\internet\clear\รายการเย็ดแม่.wav,798.508588,798.554475,เย็ด,none,0.0,0.0
C:\Users\muldi\Documents\Playground\University\senior-project-1\dataset\internet\clear\รายการเย็ดแม่.wav,798.554475,815.71758,none,none,0.0,0.0
C:\Users\muldi\Documents\Playground\University\senior-project-1\dataset\internet\clear\รายการเย็ดแม่.wav,815.714505,815.955984,เหี้ย,none,0.0,0.0
C:\Users\muldi\Documents\Playground\University\senior-project-1\dataset\internet\clear\รายการเย็ดแม่.wav,816.118581,816.910081,none,none,0.0,0.0
C:\Users\muldi\Documents\Playground\University\senior-project-1\dataset\internet\clear\รายการเย็ดแม่.wav,816.910061,816.976332,กู,none,0.0,0.0
C:\Users\muldi\Documents\Playground\University\senior-project-1\dataset\internet\clear\รายการเย็ดแม่.wav,816.976352,818.8118,none,none,0.0,0.0
C:\Users\muldi\Documents\Playground\University\senior-project-1\dataset\internet\clear\รายการเย็ดแม่.wav,818.811827,818.89362,กู,none,0.0,0.0
C:\Users\muldi\Documents\Playground\University\senior-project-1\dataset\internet\clear\รายการเย็ดแม่.wav,818.89362,822.855039,none,เหี้ย,0.7520794868469238,0.11510564304712415
C:\Users\muldi\Documents\Playground\University\senior-project-1\dataset\internet\clear\รายการเย็ดแม่.wav,822.855039,823.020567,เหี้ย,เหี้ย,0.7520794868469238,0.0871199999999983
C:\Users\muldi\Documents\Playground\University\senior-project-1\dataset\internet\clear\รายการเย็ดแม่.wav,823.020567,874.026886,none,เหี้ย,0.7520794868469238,0.021813459388035604
C:\Users\muldi\Documents\Playground\University\senior-project-1\dataset\internet\clear\รายการเย็ดแม่.wav,874.093593,877.118825,none,none,0.0,0.0
C:\Users\muldi\Documents\Playground\University\senior-project-1\dataset\internet\clear\รายการเย็ดแม่.wav,877.119001,877.22538,กู,none,0.0,0.0
C:\Users\muldi\Documents\Playground\University\senior-project-1\dataset\internet\clear\รายการเย็ดแม่.wav,877.22538,879.257203,none,none,0.0,0.0
C:\Users\muldi\Documents\Playground\University\senior-project-1\dataset\internet\clear\รายการเย็ดแม่.wav,879.257549,879.393704,กู,none,0.0,0.0
C:\Users\muldi\Documents\Playground\University\senior-project-1\dataset\internet\clear\รายการเย็ดแม่.wav,879.393704,934.816163,none,เหี้ย,0.6104031205177307,0.03428213100396677
C:\Users\muldi\Documents\Playground\University\senior-project-1\dataset\internet\clear\รายการเย็ดแม่.wav,934.816983,934.909691,เย็ด,none,0.0,0.0
C:\Users\muldi\Documents\Playground\University\senior-project-1\dataset\internet\clear\รายการเย็ดแม่.wav,934.910147,943.810256,none,none,0.0,0.0
C:\Users\muldi\Documents\Playground\University\senior-project-1\dataset\internet\clear\รายการเย็ดแม่.wav,943.810357,943.870424,กู,none,0.0,0.0
C:\Users\muldi\Documents\Playground\University\senior-project-1\dataset\internet\clear\รายการเย็ดแม่.wav,943.871048,944.278358,none,none,0.0,0.0
C:\Users\muldi\Documents\Playground\University\senior-project-1\dataset\internet\clear\รายการเย็ดแม่.wav,944.278358,944.338604,กู,none,0.0,0.0
C:\Users\muldi\Documents\Playground\University\senior-project-1\dataset\internet\clear\รายการเย็ดแม่.wav,944.338609,951.787717,none,none,0.0,0.0
C:\Users\muldi\Documents\Playground\University\senior-project-1\dataset\internet\clear\รายการเย็ดแม่.wav,951.787717,951.871307,เย็ด,none,0.0,0.0
C:\Users\muldi\Documents\Playground\University\senior-project-1\dataset\internet\clear\รายการเย็ดแม่.wav,951.871307,955.997603,none,none,0.0,0.0
C:\Users\muldi\Documents\Playground\University\senior-project-1\dataset\internet\clear\รายการเย็ดแม่.wav,955.997899,956.071863,กู,none,0.0,0.0
C:\Users\muldi\Documents\Playground\University\senior-project-1\dataset\internet\clear\รายการเย็ดแม่.wav,956.071863,956.726918,none,none,0.0,0.0
C:\Users\muldi\Documents\Playground\University\senior-project-1\dataset\internet\clear\รายการเย็ดแม่.wav,956.801389,960.300108,none,none,0.0,0.0
C:\Users\muldi\Documents\Playground\University\senior-project-1\dataset\internet\clear\รายการเย็ดแม่.wav,960.300035,960.340343,กู,none,0.0,0.0
C:\Users\muldi\Documents\Playground\University\senior-project-1\dataset\internet\clear\รายการเย็ดแม่.wav,960.340343,966.20446,none,เย็ด,0.66600102186203,0.3240044494337258
C:\Users\muldi\Documents\Playground\University\senior-project-1\dataset\internet\clear\ลิ้นจระเข้ กินอะไรก็อร่อย.wav,0.0,3.114908,none,none,0.0,0.0
C:\Users\muldi\Documents\Playground\University\senior-project-1\dataset\internet\clear\ลิ้นจระเข้ กินอะไรก็อร่อย.wav,3.114908,3.344441,กู,none,0.0,0.0
C:\Users\muldi\Documents\Playground\University\senior-project-1\dataset\internet\clear\ลิ้นจระเข้ กินอะไรก็อร่อย.wav,3.344441,6.109426,none,none,0.0,0.0
C:\Users\muldi\Documents\Playground\University\senior-project-1\dataset\internet\clear\ลิ้นจระเข้ กินอะไรก็อร่อย.wav,6.109426,6.219232,กู,none,0.0,0.0
C:\Users\muldi\Documents\Playground\University\senior-project-1\dataset\internet\clear\ลิ้นจระเข้ กินอะไรก็อร่อย.wav,6.219232,12.082587,none,none,0.0,0.0
C:\Users\muldi\Documents\Playground\University\senior-project-1\dataset\internet\clear\ลิ้นจระเข้ กินอะไรก็อร่อย.wav,12.082587,12.34321,กู,none,0.0,0.0
C:\Users\muldi\Documents\Playground\University\senior-project-1\dataset\internet\clear\ลิ้นจระเข้ กินอะไรก็อร่อย.wav,12.34321,18.205243,none,none,0.0,0.0
C:\Users\muldi\Documents\Playground\University\senior-project-1\dataset\internet\clear\ลิ้นจระเข้ กินอะไรก็อร่อย.wav,18.205243,18.344153,กู,none,0.0,0.0
C:\Users\muldi\Documents\Playground\University\senior-project-1\dataset\internet\clear\ลิ้นจระเข้ กินอะไรก็อร่อย.wav,18.344153,19.292715,none,none,0.0,0.0
C:\Users\muldi\Documents\Playground\University\senior-project-1\dataset\internet\clear\ลิ้นจระเข้ กินอะไรก็อร่อย.wav,19.292715,19.410459,กู,none,0.0,0.0
C:\Users\muldi\Documents\Playground\University\senior-project-1\dataset\internet\clear\ลิ้นจระเข้ กินอะไรก็อร่อย.wav,19.410459,20.167191,none,none,0.0,0.0
C:\Users\muldi\Documents\Playground\University\senior-project-1\dataset\internet\clear\ลิ้นจระเข้ กินอะไรก็อร่อย.wav,20.167191,20.286258,กู,none,0.0,0.0
C:\Users\muldi\Documents\Playground\University\senior-project-1\dataset\internet\clear\ลิ้นจระเข้ กินอะไรก็อร่อย.wav,20.286258,39.736405,none,none,0.0,0.0
C:\Users\muldi\Documents\Playground\University\senior-project-1\dataset\internet\clear\ลิ้นจระเข้ กินอะไรก็อร่อย.wav,39.736405,39.81446,กู,none,0.0,0.0
C:\Users\muldi\Documents\Playground\University\senior-project-1\dataset\internet\clear\ลิ้นจระเข้ กินอะไรก็อร่อย.wav,39.81446,40.202087,none,none,0.0,0.0
C:\Users\muldi\Documents\Playground\University\senior-project-1\dataset\internet\clear\ลิ้นจระเข้ กินอะไรก็อร่อย.wav,40.202087,40.296876,กู,none,0.0,0.0
C:\Users\muldi\Documents\Playground\University\senior-project-1\dataset\internet\clear\ลิ้นจระเข้ กินอะไรก็อร่อย.wav,40.296876,41.355024,none,none,0.0,0.0
C:\Users\muldi\Documents\Playground\University\senior-project-1\dataset\internet\clear\ลิ้นจระเข้ กินอะไรก็อร่อย.wav,41.355024,41.494083,มึง,none,0.0,0.0
C:\Users\muldi\Documents\Playground\University\senior-project-1\dataset\internet\clear\ลิ้นจระเข้ กินอะไรก็อร่อย.wav,41.494083,41.640929,none,none,0.0,0.0
C:\Users\muldi\Documents\Playground\University\senior-project-1\dataset\internet\clear\ลิ้นจระเข้ กินอะไรก็อร่อย.wav,41.640929,41.80335,กู,none,0.0,0.0
C:\Users\muldi\Documents\Playground\University\senior-project-1\dataset\internet\clear\ลิ้นจระเข้ กินอะไรก็อร่อย.wav,41.80335,53.828056,none,none,0.0,0.0
C:\Users\muldi\Documents\Playground\University\senior-project-1\dataset\internet\clear\ลิ้นจระเข้ กินอะไรก็อร่อย.wav,53.828056,53.949316,กู,none,0.0,0.0
C:\Users\muldi\Documents\Playground\University\senior-project-1\dataset\internet\clear\ลิ้นจระเข้ กินอะไรก็อร่อย.wav,53.949316,58.714533,none,none,0.0,0.0
C:\Users\muldi\Documents\Playground\University\senior-project-1\dataset\internet\clear\ลิ้นจระเข้ กินอะไรก็อร่อย.wav,58.714533,58.819942,กู,none,0.0,0.0
C:\Users\muldi\Documents\Playground\University\senior-project-1\dataset\internet\clear\ลิ้นจระเข้ กินอะไรก็อร่อย.wav,58.819942,58.993002,เหี้ย,none,0.0,0.0
C:\Users\muldi\Documents\Playground\University\senior-project-1\dataset\internet\clear\ลิ้นจระเข้ กินอะไรก็อร่อย.wav,58.993002,59.809531,none,none,0.0,0.0
C:\Users\muldi\Documents\Playground\University\senior-project-1\dataset\internet\clear\ลิ้นจระเข้ กินอะไรก็อร่อย.wav,59.809531,59.887408,กู,none,0.0,0.0
C:\Users\muldi\Documents\Playground\University\senior-project-1\dataset\internet\clear\ลิ้นจระเข้ กินอะไรก็อร่อย.wav,59.887408,60.657525,none,none,0.0,0.0
C:\Users\muldi\Documents\Playground\University\senior-project-1\dataset\internet\clear\ลิ้นจระเข้ กินอะไรก็อร่อย.wav,60.657525,60.766867,กู,none,0.0,0.0
C:\Users\muldi\Documents\Playground\University\senior-project-1\dataset\internet\clear\ลิ้นจระเข้ กินอะไรก็อร่อย.wav,60.766867,66.304,none,none,0.0,0.0
C:\Users\muldi\Documents\Playground\University\senior-project-1\dataset\internet\clear\วิ่งหนี or วิ่งใส่.wav,3.531079,3.901909,กู,none,0.0,0.0
C:\Users\muldi\Documents\Playground\University\senior-project-1\dataset\internet\clear\วิ่งหนี or วิ่งใส่.wav,4.867109,5.149732,กู,none,0.0,0.0
C:\Users\muldi\Documents\Playground\University\senior-project-1\dataset\internet\clear\วิ่งหนี or วิ่งใส่.wav,6.984537,7.301412,กู,none,0.0,0.0
C:\Users\muldi\Documents\Playground\University\senior-project-1\dataset\internet\clear\วิ่งหนี or วิ่งใส่.wav,7.96435,8.062951,กู,none,0.0,0.0
C:\Users\muldi\Documents\Playground\University\senior-project-1\dataset\internet\clear\วิ่งหนี or วิ่งใส่.wav,9.236856,9.497076,กู,none,0.0,0.0
C:\Users\muldi\Documents\Playground\University\senior-project-1\dataset\internet\clear\วิ่งหนี or วิ่งใส่.wav,11.844661,11.961329,กู,none,0.0,0.0
C:\Users\muldi\Documents\Playground\University\senior-project-1\dataset\internet\clear\วิ่งหนี or วิ่งใส่.wav,12.369961,12.811552,มึง,none,0.0,0.0
C:\Users\muldi\Documents\Playground\University\senior-project-1\dataset\internet\clear\ศาลเจ้าทางม้าลายอยู่ไหน!!.wav,39.778927,39.904416,กู,none,0.0,0.0
C:\Users\muldi\Documents\Playground\University\senior-project-1\dataset\internet\clear\ศาลเจ้าทางม้าลายอยู่ไหน!!.wav,43.993688,44.101438,เหี้ย,none,0.0,0.0
C:\Users\muldi\Documents\Playground\University\senior-project-1\dataset\internet\clear\ศาลเจ้าทางม้าลายอยู่ไหน!!.wav,45.377464,45.495142,กู,none,0.0,0.0
C:\Users\muldi\Documents\Playground\University\senior-project-1\dataset\internet\clear\อะชิมะหม๋า.wav,0.0,10.18111,none,none,0.0,0.0
C:\Users\muldi\Documents\Playground\University\senior-project-1\dataset\internet\clear\อะชิมะหม๋า.wav,10.181355,10.256798,กู,none,0.0,0.0
C:\Users\muldi\Documents\Playground\University\senior-project-1\dataset\internet\clear\อะชิมะหม๋า.wav,10.256798,12.014889,none,none,0.0,0.0
C:\Users\muldi\Documents\Playground\University\senior-project-1\dataset\internet\clear\อะชิมะหม๋า.wav,18.663428,18.765268,กู,none,0.0,0.0
C:\Users\muldi\Documents\Playground\University\senior-project-1\dataset\internet\clear\อะชิมะหม๋า.wav,18.765268,19.118072,none,none,0.0,0.0
C:\Users\muldi\Documents\Playground\University\senior-project-1\dataset\internet\clear\อะชิมะหม๋า.wav,19.118072,19.305991,มึง,none,0.0,0.0
C:\Users\muldi\Documents\Playground\University\senior-project-1\dataset\internet\clear\อะชิมะหม๋า.wav,19.305991,21.482667,none,none,0.0,0.0
C:\Users\muldi\Documents\Playground\University\senior-project-1\dataset\internet\clear\อะไรหายากสุด.wav,13.986202,14.05307,มึง,none,0.0,0.0
C:\Users\muldi\Documents\Playground\University\senior-project-1\dataset\internet\clear\อะไรหายากสุด.wav,16.797544,16.968696,กู,none,0.0,0.0
C:\Users\muldi\Documents\Playground\University\senior-project-1\dataset\internet\clear\เกิดแต่กับคีร์มากค่ะ.wav,2.903761,3.02935,มึง,none,0.0,0.0
C:\Users\muldi\Documents\Playground\University\senior-project-1\dataset\internet\clear\เกิดแต่กับคีร์มากค่ะ.wav,7.560986,7.697133,กู,none,0.0,0.0
C:\Users\muldi\Documents\Playground\University\senior-project-1\dataset\internet\clear\เกิดแต่กับคีร์มากค่ะ.wav,13.681043,13.777772,กู,none,0.0,0.0
C:\Users\muldi\Documents\Playground\University\senior-project-1\dataset\internet\clear\เกิดแต่กับคีร์มากค่ะ.wav,16.418863,16.512703,กู,none,0.0,0.0
C:\Users\muldi\Documents\Playground\University\senior-project-1\dataset\internet\clear\เกิดแต่กับคีร์มากค่ะ.wav,22.665674,22.745967,กู,none,0.0,0.0
C:\Users\muldi\Documents\Playground\University\senior-project-1\dataset\internet\clear\เกิดแต่กับคีร์มากค่ะ.wav,25.732988,25.884321,กู,none,0.0,0.0
C:\Users\muldi\Documents\Playground\University\senior-project-1\dataset\internet\clear\เกิดแต่กับคีร์มากค่ะ.wav,26.114683,26.208592,มึง,none,0.0,0.0
C:\Users\muldi\Documents\Playground\University\senior-project-1\dataset\internet\clear\เกิดแต่กับคีร์มากค่ะ.wav,40.055866,40.103656,กู,none,0.0,0.0
C:\Users\muldi\Documents\Playground\University\senior-project-1\dataset\internet\clear\เกิดแต่กับคีร์มากค่ะ.wav,42.866725,42.973782,มึง,none,0.0,0.0
C:\Users\muldi\Documents\Playground\University\senior-project-1\dataset\internet\clear\เกิดแต่กับคีร์มากค่ะ.wav,43.996296,44.10907,กู,none,0.0,0.0
C:\Users\muldi\Documents\Playground\University\senior-project-1\dataset\internet\clear\เคยอยากเป็นวีค่ายกระต่าย.wav,11.862371,11.899454,กู,none,0.0,0.0
C:\Users\muldi\Documents\Playground\University\senior-project-1\dataset\internet\clear\เจ๊อยากกลับบ้านแล้ว....wav,15.342018,15.659347,เหี้ย,none,0.0,0.0
C:\Users\muldi\Documents\Playground\University\senior-project-1\dataset\internet\clear\เดินเตะทุกอย่างบนโลก!.wav,3.035611,3.178815,กู,none,0.0,0.0
C:\Users\muldi\Documents\Playground\University\senior-project-1\dataset\internet\clear\เดินเตะทุกอย่างบนโลก!.wav,5.004079,5.059272,กู,none,0.0,0.0
C:\Users\muldi\Documents\Playground\University\senior-project-1\dataset\internet\clear\เดินเตะทุกอย่างบนโลก!.wav,9.521606,9.623394,กู,none,0.0,0.0
C:\Users\muldi\Documents\Playground\University\senior-project-1\dataset\internet\clear\เดินเตะทุกอย่างบนโลก!.wav,11.70444,11.758234,กู,none,0.0,0.0
C:\Users\muldi\Documents\Playground\University\senior-project-1\dataset\internet\clear\เดินเตะทุกอย่างบนโลก!.wav,15.789596,15.85552,กู,none,0.0,0.0
C:\Users\muldi\Documents\Playground\University\senior-project-1\dataset\internet\clear\เดินเตะทุกอย่างบนโลก!.wav,16.122258,16.224024,กู,none,0.0,0.0
C:\Users\muldi\Documents\Playground\University\senior-project-1\dataset\internet\clear\เดินเตะทุกอย่างบนโลก!.wav,16.893305,16.965558,กู,none,0.0,0.0
C:\Users\muldi\Documents\Playground\University\senior-project-1\dataset\internet\clear\เดินเตะทุกอย่างบนโลก!.wav,20.497368,20.574535,กู,none,0.0,0.0
C:\Users\muldi\Documents\Playground\University\senior-project-1\dataset\internet\clear\เดินเตะทุกอย่างบนโลก!.wav,21.529066,21.662097,กู,none,0.0,0.0
C:\Users\muldi\Documents\Playground\University\senior-project-1\dataset\internet\clear\เดินเตะทุกอย่างบนโลก!.wav,27.473708,27.567175,กู,none,0.0,0.0
C:\Users\muldi\Documents\Playground\University\senior-project-1\dataset\internet\clear\เดินเตะทุกอย่างบนโลก!.wav,29.356449,29.435105,กู,none,0.0,0.0
C:\Users\muldi\Documents\Playground\University\senior-project-1\dataset\internet\clear\เดินเตะทุกอย่างบนโลก!.wav,32.091262,32.144963,กู,none,0.0,0.0
C:\Users\muldi\Documents\Playground\University\senior-project-1\dataset\internet\clear\เดินเตะทุกอย่างบนโลก!.wav,33.693795,33.789264,กู,none,0.0,0.0
C:\Users\muldi\Documents\Playground\University\senior-project-1\dataset\internet\clear\เดินเตะทุกอย่างบนโลก!.wav,35.039413,35.166954,กู,none,0.0,0.0
C:\Users\muldi\Documents\Playground\University\senior-project-1\dataset\internet\clear\เดินเตะทุกอย่างบนโลก!.wav,44.130655,44.363041,กู,none,0.0,0.0
C:\Users\muldi\Documents\Playground\University\senior-project-1\dataset\internet\clear\เพื่อนบ้านหรรษาของจริงๆ.wav,0.0,5.244845,none,none,0.0,0.0
C:\Users\muldi\Documents\Playground\University\senior-project-1\dataset\internet\clear\เพื่อนบ้านหรรษาของจริงๆ.wav,5.244845,5.478995,มึง,none,0.0,0.0
C:\Users\muldi\Documents\Playground\University\senior-project-1\dataset\internet\clear\เพื่อนบ้านหรรษาของจริงๆ.wav,5.478995,19.765428,none,none,0.0,0.0
C:\Users\muldi\Documents\Playground\University\senior-project-1\dataset\internet\clear\เพื่อนบ้านหรรษาของจริงๆ.wav,19.765428,19.861178,กู,none,0.0,0.0
C:\Users\muldi\Documents\Playground\University\senior-project-1\dataset\internet\clear\เพื่อนบ้านหรรษาของจริงๆ.wav,19.861178,22.193372,none,none,0.0,0.0
C:\Users\muldi\Documents\Playground\University\senior-project-1\dataset\internet\clear\เพื่อนบ้านหรรษาของจริงๆ.wav,22.193372,22.500443,มึง,none,0.0,0.0
C:\Users\muldi\Documents\Playground\University\senior-project-1\dataset\internet\clear\เพื่อนบ้านหรรษาของจริงๆ.wav,22.500443,29.512519,none,none,0.0,0.0
C:\Users\muldi\Documents\Playground\University\senior-project-1\dataset\internet\clear\เพื่อนบ้านหรรษาของจริงๆ.wav,30.793568,30.85264,กู,none,0.0,0.0
C:\Users\muldi\Documents\Playground\University\senior-project-1\dataset\internet\clear\เพื่อนบ้านหรรษาของจริงๆ.wav,36.211314,36.258571,กู,none,0.0,0.0
C:\Users\muldi\Documents\Playground\University\senior-project-1\dataset\internet\clear\เพื่อนบ้านหรรษาของจริงๆ.wav,36.258571,37.924782,none,none,0.0,0.0
C:\Users\muldi\Documents\Playground\University\senior-project-1\dataset\internet\clear\เพื่อนบ้านหรรษาของจริงๆ.wav,37.924782,38.043642,เหี้ย,none,0.0,0.0
C:\Users\muldi\Documents\Playground\University\senior-project-1\dataset\internet\clear\เพื่อนบ้านหรรษาของจริงๆ.wav,38.043642,39.712069,none,none,0.0,0.0
C:\Users\muldi\Documents\Playground\University\senior-project-1\dataset\internet\clear\เพื่อนบ้านหรรษาของจริงๆ.wav,39.712069,39.755921,กู,none,0.0,0.0
C:\Users\muldi\Documents\Playground\University\senior-project-1\dataset\internet\clear\เพื่อนบ้านหรรษาของจริงๆ.wav,39.755921,41.739548,none,none,0.0,0.0
C:\Users\muldi\Documents\Playground\University\senior-project-1\dataset\internet\clear\เพื่อนบ้านหรรษาของจริงๆ.wav,41.739548,41.992217,กู,none,0.0,0.0
C:\Users\muldi\Documents\Playground\University\senior-project-1\dataset\internet\clear\เพื่อนบ้านหรรษาของจริงๆ.wav,41.992217,42.846921,none,none,0.0,0.0
C:\Users\muldi\Documents\Playground\University\senior-project-1\dataset\internet\clear\เพื่อนบ้านหรรษาของจริงๆ.wav,42.846921,43.059568,มึง,none,0.0,0.0
C:\Users\muldi\Documents\Playground\University\senior-project-1\dataset\internet\clear\เพื่อนบ้านหรรษาของจริงๆ.wav,43.059568,55.128349,none,none,0.0,0.0
C:\Users\muldi\Documents\Playground\University\senior-project-1\dataset\internet\clear\เพื่อนบ้านหรรษาของจริงๆ.wav,55.128349,55.268089,เหี้ย,none,0.0,0.0
C:\Users\muldi\Documents\Playground\University\senior-project-1\dataset\internet\clear\เพื่อนบ้านหรรษาของจริงๆ.wav,55.268089,60.352,none,none,0.0,0.0
C:\Users\muldi\Documents\Playground\University\senior-project-1\dataset\internet\clear\โอ๊ต.wav,0.0,19.478165,none,กู,0.6832955479621887,0.15658559212328269
C:\Users\muldi\Documents\Playground\University\senior-project-1\dataset\internet\clear\โอ๊ต.wav,19.783627,20.48689,none,none,0.0,0.0
C:\Users\muldi\Documents\Playground\University\senior-project-1\dataset\internet\clear\โอ๊ต.wav,20.486934,20.566161,กู,none,0.0,0.0
C:\Users\muldi\Documents\Playground\University\senior-project-1\dataset\internet\clear\โอ๊ต.wav,20.565977,56.995884,none,มึง,0.6250699758529663,0.0521549506014385
C:\Users\muldi\Documents\Playground\University\senior-project-1\dataset\internet\clear\โอ๊ต.wav,57.118727,57.546852,none,none,0.0,0.0
C:\Users\muldi\Documents\Playground\University\senior-project-1\dataset\internet\clear\โอ๊ต.wav,57.664793,58.079944,none,none,0.0,0.0
C:\Users\muldi\Documents\Playground\University\senior-project-1\dataset\internet\clear\โอ๊ต.wav,58.079944,58.166041,มึง,none,0.0,0.0
C:\Users\muldi\Documents\Playground\University\senior-project-1\dataset\internet\clear\โอ๊ต.wav,58.166041,127.448485,none,เหี้ย,0.505948007106781,0.02742397482398291
C:\Users\muldi\Documents\Playground\University\senior-project-1\dataset\internet\clear\โอ๊ต.wav,127.448485,127.531236,กู,none,0.0,0.0
C:\Users\muldi\Documents\Playground\University\senior-project-1\dataset\internet\clear\โอ๊ต.wav,127.531236,130.582868,none,none,0.0,0.0
C:\Users\muldi\Documents\Playground\University\senior-project-1\dataset\internet\clear\โอ๊ต.wav,130.582868,130.697271,กู,none,0.0,0.0
C:\Users\muldi\Documents\Playground\University\senior-project-1\dataset\internet\clear\โอ๊ต.wav,130.697271,144.605871,none,เหี้ย,0.5197606086730957,0.13660612858231633
C:\Users\muldi\Documents\Playground\University\senior-project-1\dataset\internet\clear\โอ๊ต.wav,144.605871,144.666751,กู,none,0.0,0.0
C:\Users\muldi\Documents\Playground\University\senior-project-1\dataset\internet\clear\โอ๊ต.wav,144.666751,239.426206,none,กู,0.7560214400291443,0.08073073024744608
C:\Users\muldi\Documents\Playground\University\senior-project-1\dataset\internet\clear\โอ๊ต.wav,239.426206,239.561406,กู,none,0.0,0.0
C:\Users\muldi\Documents\Playground\University\senior-project-1\dataset\internet\clear\โอ๊ต.wav,239.561406,241.053293,none,none,0.0,0.0
C:\Users\muldi\Documents\Playground\University\senior-project-1\dataset\internet\clear\โอ๊ต.wav,241.147645,265.757351,none,กู,0.513227641582489,0.04979143529385794
C:\Users\muldi\Documents\Playground\University\senior-project-1\dataset\internet\clear\โอ๊ต.wav,265.998124,273.115236,none,กู,0.513227641582489,0.046647126091491825
C:\Users\muldi\Documents\Playground\University\senior-project-1\dataset\internet\clear\โอ๊ต.wav,273.115236,273.261592,กู,none,0.0,0.0
C:\Users\muldi\Documents\Playground\University\senior-project-1\dataset\internet\clear\โอ๊ต.wav,273.261698,273.623776,none,none,0.0,0.0
C:\Users\muldi\Documents\Playground\University\senior-project-1\dataset\internet\clear\โอ๊ต.wav,273.623776,273.757049,กู,none,0.0,0.0
C:\Users\muldi\Documents\Playground\University\senior-project-1\dataset\internet\clear\โอ๊ต.wav,273.757049,274.318494,none,none,0.0,0.0
C:\Users\muldi\Documents\Playground\University\senior-project-1\dataset\internet\clear\โอ๊ต.wav,274.443274,274.701628,none,none,0.0,0.0
C:\Users\muldi\Documents\Playground\University\senior-project-1\dataset\internet\clear\โอ๊ต.wav,274.880144,275.715702,none,none,0.0,0.0
C:\Users\muldi\Documents\Playground\University\senior-project-1\dataset\internet\clear\โอ๊ต.wav,275.944799,310.756659,none,กู,0.7790656685829163,0.05457910034108996
C:\Users\muldi\Documents\Playground\University\senior-project-1\dataset\internet\clear\โอ๊ต.wav,310.925258,1075.430729,none,กู,0.581890881061554,0.003989507094057087
C:\Users\muldi\Documents\Playground\University\senior-project-1\dataset\internet\clear\โอ๊ต.wav,1075.654867,1076.691332,none,เหี้ย,0.8121458292007446,0.11013888526588746
C:\Users\muldi\Documents\Playground\University\senior-project-1\dataset\internet\clear\โอ๊ต.wav,1076.691332,1076.847038,เหี้ย,เหี้ย,0.8121458292007446,0.08195052631580022
C:\Users\muldi\Documents\Playground\University\senior-project-1\dataset\internet\clear\โอ๊ต.wav,1076.847038,1088.796851,none,เหี้ย,0.8121458292007446,0.11720411901375975
C:\Users\muldi\Documents\Playground\University\senior-project-1\dataset\internet\clear\โอ๊ต.wav,1088.796851,1088.85874,กู,none,0.0,0.0
C:\Users\muldi\Documents\Playground\University\senior-project-1\dataset\internet\clear\โอ๊ต.wav,1088.85874,1163.000211,none,กู,0.5728045701980591,0.02562668334433353
C:\Users\muldi\Documents\Playground\University\senior-project-1\dataset\internet\clear\โอ๊ต.wav,1163.000211,1163.162908,มึง,none,0.0,0.0
C:\Users\muldi\Documents\Playground\University\senior-project-1\dataset\internet\clear\โอ๊ต.wav,1163.162908,1169.9105,none,none,0.0,0.0
C:\Users\muldi\Documents\Playground\University\senior-project-1\dataset\internet\clear\โอ๊ต.wav,1169.9105,1170.010576,กู,none,0.0,0.0
C:\Users\muldi\Documents\Playground\University\senior-project-1\dataset\internet\clear\โอ๊ต.wav,1170.011165,1270.506929,none,กู,0.5970215797424316,0.018906269521968017
C:\Users\muldi\Documents\Playground\University\senior-project-1\dataset\internet\clear\โอ๊ต.wav,1270.76677,1274.997617,none,none,0.0,0.0
C:\Users\muldi\Documents\Playground\University\senior-project-1\dataset\internet\clear\โอ๊ต.wav,1275.234648,1301.148195,none,none,0.0,0.0
C:\Users\muldi\Documents\Playground\University\senior-project-1\dataset\internet\clear\โอ๊ต.wav,1301.148195,1301.295464,เหี้ย,none,0.0,0.0
C:\Users\muldi\Documents\Playground\University\senior-project-1\dataset\internet\clear\โอ๊ต.wav,1301.295464,1315.105073,none,none,0.0,0.0
C:\Users\muldi\Documents\Playground\University\senior-project-1\dataset\internet\clear\โอ๊ต.wav,1315.274782,1324.097667,none,none,0.0,0.0
C:\Users\muldi\Documents\Playground\University\senior-project-1\dataset\internet\clear\โอ๊ต.wav,1324.310896,1357.184687,none,กู,0.7847555875778198,0.2676904528595496
C:\Users\muldi\Documents\Playground\University\senior-project-1\dataset\internet\clear\ใต้น้ำยังจะตามมาอีก!!.wav,6.003302,6.123607,เหี้ย,none,0.0,0.0
C:\Users\muldi\Documents\Playground\University\senior-project-1\dataset\internet\clear\ใต้น้ำยังจะตามมาอีก!!.wav,6.15593,6.231792,มึง,none,0.0,0.0
C:\Users\muldi\Documents\Playground\University\senior-project-1\dataset\internet\clear\ใต้น้ำยังจะตามมาอีก!!.wav,9.291706,9.370981,กู,none,0.0,0.0
C:\Users\muldi\Documents\Playground\University\senior-project-1\dataset\internet\clear\ใต้น้ำยังจะตามมาอีก!!.wav,9.973041,10.148739,มึง,none,0.0,0.0
C:\Users\muldi\Documents\Playground\University\senior-project-1\dataset\internet\clear\ใต้น้ำยังจะตามมาอีก!!.wav,11.157715,11.280346,เหี้ย,none,0.0,0.0
C:\Users\muldi\Documents\Playground\University\senior-project-1\dataset\internet\clear\ใต้น้ำยังจะตามมาอีก!!.wav,12.346257,12.67384,กู,none,0.0,0.0
C:\Users\muldi\Documents\Playground\University\senior-project-1\dataset\internet\clear\ใต้น้ำยังจะตามมาอีก!!.wav,18.597191,19.314388,none,none,0.0,0.0
C:\Users\muldi\Documents\Playground\University\senior-project-1\dataset\internet\clear\ใต้น้ำยังจะตามมาอีก!!.wav,19.314388,19.363083,กู,none,0.0,0.0
C:\Users\muldi\Documents\Playground\University\senior-project-1\dataset\internet\clear\ใต้น้ำยังจะตามมาอีก!!.wav,19.363083,20.494472,none,none,0.0,0.0
C:\Users\muldi\Documents\Playground\University\senior-project-1\dataset\internet\clear\ใต้น้ำยังจะตามมาอีก!!.wav,21.499116,21.753045,เหี้ย,none,0.0,0.0
C:\Users\muldi\Documents\Playground\University\senior-project-1\dataset\internet\clear\ใต้น้ำยังจะตามมาอีก!!.wav,21.966044,25.100683,none,none,0.0,0.0
C:\Users\muldi\Documents\Playground\University\senior-project-1\dataset\internet\clear\ใต้น้ำยังจะตามมาอีก!!.wav,49.132166,49.415824,เหี้ย,none,0.0,0.0
C:\Users\muldi\Documents\Playground\University\senior-project-1\dataset\internet\effect\เมื่อไตระบายความในใจ.wav,76.165856,93.00204,none,none,0.0,0.0
C:\Users\muldi\Documents\Playground\University\senior-project-1\dataset\internet\effect\เมื่อไตระบายความในใจ.wav,93.00204,93.13855,มึง,none,0.0,0.0
C:\Users\muldi\Documents\Playground\University\senior-project-1\dataset\internet\effect\เมื่อไตระบายความในใจ.wav,93.13855,113.627104,none,none,0.0,0.0
C:\Users\muldi\Documents\Playground\University\senior-project-1\dataset\internet\music\คนหายไปไหนหมดเนี่ยช่วงนี้.wav,68.000021,70.524082,none,none,0.0,0.0
C:\Users\muldi\Documents\Playground\University\senior-project-1\dataset\internet\music\คนหายไปไหนหมดเนี่ยช่วงนี้.wav,70.524082,70.84226,กู,none,0.0,0.0
C:\Users\muldi\Documents\Playground\University\senior-project-1\dataset\internet\music\คนหายไปไหนหมดเนี่ยช่วงนี้.wav,70.84226,74.496,none,none,0.0,0.0
C:\Users\muldi\Documents\Playground\University\senior-project-1\dataset\internet\music\จารย์แดง2.wav,0.0,2.556823,none,none,0.0,0.0
C:\Users\muldi\Documents\Playground\University\senior-project-1\dataset\internet\music\จารย์แดง2.wav,2.556823,3.076616,none,none,0.0,0.0
C:\Users\muldi\Documents\Playground\University\senior-project-1\dataset\internet\music\จารย์แดง2.wav,3.076616,4.295322,none,none,0.0,0.0
C:\Users\muldi\Documents\Playground\University\senior-project-1\dataset\internet\music\จารย์แดง2.wav,4.295322,4.892382,none,none,0.0,0.0
C:\Users\muldi\Documents\Playground\University\senior-project-1\dataset\internet\music\จารย์แดง2.wav,4.892382,5.755192,none,none,0.0,0.0
C:\Users\muldi\Documents\Playground\University\senior-project-1\dataset\internet\music\จารย์แดง2.wav,5.755192,6.010406,none,none,0.0,0.0
C:\Users\muldi\Documents\Playground\University\senior-project-1\dataset\internet\music\จารย์แดง2.wav,6.010406,7.785197,none,เหี้ย,0.6616213917732239,0.31732108686783794
C:\Users\muldi\Documents\Playground\University\senior-project-1\dataset\internet\music\จารย์แดง2.wav,7.785197,8.046265,none,เหี้ย,0.6616213917732239,0.13740421052631568
C:\Users\muldi\Documents\Playground\University\senior-project-1\dataset\internet\music\จารย์แดง2.wav,8.046265,9.218322,none,เหี้ย,0.6616213917732239,0.32512092798153175
C:\Users\muldi\Documents\Playground\University\senior-project-1\dataset\internet\music\แคทเธอร์รีนยิงมันสิ!.wav,12.690808,12.951327,กู,none,0.0,0.0
C:\Users\muldi\Documents\Playground\University\senior-project-1\dataset\internet\music\แคทเธอร์รีนยิงมันสิ!.wav,22.086253,22.476127,กู,none,0.0,0.0
C:\Users\muldi\Documents\Playground\University\senior-project-1\dataset\internet\noise\จัดอันดับ ทหารสุดฮา.wav,0.0,5.628947,none,none,0.0,0.0
C:\Users\muldi\Documents\Playground\University\senior-project-1\dataset\internet\noise\จัดอันดับ ทหารสุดฮา.wav,5.628947,5.738788,เย็ด,none,0.0,0.0
C:\Users\muldi\Documents\Playground\University\senior-project-1\dataset\internet\noise\จัดอันดับ ทหารสุดฮา.wav,5.738788,32.814451,none,none,0.0,0.0
C:\Users\muldi\Documents\Playground\University\senior-project-1\dataset\internet\noise\จัดอันดับ ทหารสุดฮา.wav,32.814451,32.977913,none,none,0.0,0.0
C:\Users\muldi\Documents\Playground\University\senior-project-1\dataset\internet\noise\จัดอันดับ ทหารสุดฮา.wav,32.977913,33.814658,none,none,0.0,0.0
C:\Users\muldi\Documents\Playground\University\senior-project-1\dataset\internet\noise\จัดอันดับ ทหารสุดฮา.wav,33.814658,33.980661,none,none,0.0,0.0
C:\Users\muldi\Documents\Playground\University\senior-project-1\dataset\internet\noise\จัดอันดับ ทหารสุดฮา.wav,33.980661,38.549333,none,none,0.0,0.0
C:\Users\muldi\Documents\Playground\University\senior-project-1\dataset\internet\noise\หาสัญลักษณ์ตามฉบับ New World Order ในเพลง จี่หอย.wav,0.0,101.013916,none,none,0.0,0.0
C:\Users\muldi\Documents\Playground\University\senior-project-1\dataset\internet\noise\หาสัญลักษณ์ตามฉบับ New World Order ในเพลง จี่หอย.wav,101.013916,101.158069,มึง,none,0.0,0.0
C:\Users\muldi\Documents\Playground\University\senior-project-1\dataset\internet\noise\หาสัญลักษณ์ตามฉบับ New World Order ในเพลง จี่หอย.wav,101.158069,105.984,none,none,0.0,0.0
C:\Users\muldi\Documents\Playground\University\senior-project-1\dataset\internet\noise\อะไรคือสิ่งที่ถูก.wav,1.506835,1.590017,มึง,none,0.0,0.0
C:\Users\muldi\Documents\Playground\University\senior-project-1\dataset\internet\noise\อะไรคือสิ่งที่ถูก.wav,2.227271,2.298155,กู,none,0.0,0.0
C:\Users\muldi\Documents\Playground\University\senior-project-1\dataset\internet\noise\อะไรคือสิ่งที่ถูก.wav,9.832852,9.919234,กู,none,0.0,0.0
C:\Users\muldi\Documents\Playground\University\senior-project-1\dataset\internet\noise\อะไรคือสิ่งที่ถูก.wav,25.36253,25.412865,กู,none,0.0,0.0
C:\Users\muldi\Documents\Playground\University\senior-project-1\dataset\internet\noise\อะไรคือสิ่งที่ถูก.wav,51.471081,51.543976,กู,none,0.0,0.0
C:\Users\muldi\Documents\Playground\University\senior-project-1\dataset\single\กู\กู (เบลล์).wav,0.0,1.59,กู,none,0.0,0.0
C:\Users\muldi\Documents\Playground\University\senior-project-1\dataset\us\clear\ถ้าแกไม่ไป กูก็ไม่ไปเหมือนกัน.wav,0.0,1.431357,none,none,0.0,0.0
C:\Users\muldi\Documents\Playground\University\senior-project-1\dataset\us\clear\ถ้าแกไม่ไป กูก็ไม่ไปเหมือนกัน.wav,1.431357,1.59603,กู,none,0.0,0.0
C:\Users\muldi\Documents\Playground\University\senior-project-1\dataset\us\clear\ถ้าแกไม่ไป กูก็ไม่ไปเหมือนกัน.wav,1.595768,3.669565,none,none,0.0,0.0
