file_path,start_time,end_time,predicted_label,max_confidence,true_label
C:\Users\muldi\Documents\Playground\University\senior-project-1\dataset\internet\clear\Horror movie for WOKE!!!!!.wav,0.0,0.7,กู,0.64384,none
C:\Users\muldi\Documents\Playground\University\senior-project-1\dataset\internet\clear\Horror movie for WOKE!!!!!.wav,18.9,19.6,กู,0.55966866,none
C:\Users\muldi\Documents\Playground\University\senior-project-1\dataset\internet\clear\Horror movie for WOKE!!!!!.wav,37.45,38.15,กู,0.4975327,none
C:\Users\muldi\Documents\Playground\University\senior-project-1\dataset\internet\clear\Horror movie for WOKE!!!!!.wav,40.25,41.3,กู,0.6671894,none
C:\Users\muldi\Documents\Playground\University\senior-project-1\dataset\internet\clear\Horror movie for WOKE!!!!!.wav,50.4,51.1,กู,0.4992438,none
C:\Users\muldi\Documents\Playground\University\senior-project-1\dataset\internet\clear\Horror movie for WOKE!!!!!.wav,51.8,52.5,กู,0.6671278,none
C:\Users\muldi\Documents\Playground\University\senior-project-1\dataset\internet\clear\Horror movie for WOKE!!!!!.wav,54.95,55.65,กู,0.5126243,none
C:\Users\muldi\Documents\Playground\University\senior-project-1\dataset\internet\clear\Horror movie for WOKE!!!!!.wav,69.3,70.0,กู,0.5050062,none
C:\Users\muldi\Documents\Playground\University\senior-project-1\dataset\internet\clear\Horror movie for WOKE!!!!!.wav,85.05,85.75,กู,0.81247747,none
C:\Users\muldi\Documents\Playground\University\senior-project-1\dataset\internet\clear\Horror movie for WOKE!!!!!.wav,93.8,94.5,กู,0.54490954,none
C:\Users\muldi\Documents\Playground\University\senior-project-1\dataset\internet\clear\Horror movie for WOKE!!!!!.wav,105.0,106.05,กู,0.6908255,none
C:\Users\muldi\Documents\Playground\University\senior-project-1\dataset\internet\clear\Horror movie for WOKE!!!!!.wav,122.85,123.55,กู,0.7287416,none
C:\Users\muldi\Documents\Playground\University\senior-project-1\dataset\internet\clear\Horror movie for WOKE!!!!!.wav,124.25,124.95,กู,0.78868276,none
C:\Users\muldi\Documents\Playground\University\senior-project-1\dataset\internet\clear\Horror movie for WOKE!!!!!.wav,131.25,132.65,กู,0.637149,none
C:\Users\muldi\Documents\Playground\University\senior-project-1\dataset\internet\clear\Horror movie for WOKE!!!!!.wav,133.0,133.7,กู,0.544054,none
C:\Users\muldi\Documents\Playground\University\senior-project-1\dataset\internet\clear\Horror movie for WOKE!!!!!.wav,137.55,138.25,กู,0.57102746,none
C:\Users\muldi\Documents\Playground\University\senior-project-1\dataset\internet\clear\Horror movie for WOKE!!!!!.wav,143.15,143.85,กู,0.86166066,none
C:\Users\muldi\Documents\Playground\University\senior-project-1\dataset\internet\clear\Horror movie for WOKE!!!!!.wav,144.2,144.9,กู,0.5998289,none
C:\Users\muldi\Documents\Playground\University\senior-project-1\dataset\internet\clear\Horror movie for WOKE!!!!!.wav,150.85,151.55,กู,0.5780295,กู
C:\Users\muldi\Documents\Playground\University\senior-project-1\dataset\internet\clear\Horror movie for WOKE!!!!!.wav,153.65,154.35,กู,0.791307,none
C:\Users\muldi\Documents\Playground\University\senior-project-1\dataset\internet\clear\Horror movie for WOKE!!!!!.wav,155.05,156.1,กู,0.74673265,none
C:\Users\muldi\Documents\Playground\University\senior-project-1\dataset\internet\clear\Horror movie for WOKE!!!!!.wav,159.6,160.3,กู,0.5136905,none
C:\Users\muldi\Documents\Playground\University\senior-project-1\dataset\internet\clear\Horror movie for WOKE!!!!!.wav,164.85,166.25,กู,0.7875473,none
C:\Users\muldi\Documents\Playground\University\senior-project-1\dataset\internet\clear\Horror movie for WOKE!!!!!.wav,166.6,167.65,กู,0.8216733,none
C:\Users\muldi\Documents\Playground\University\senior-project-1\dataset\internet\clear\Horror movie for WOKE!!!!!.wav,179.2,179.9,กู,0.72602266,none
C:\Users\muldi\Documents\Playground\University\senior-project-1\dataset\internet\clear\Horror movie for WOKE!!!!!.wav,183.4,184.45,กู,0.79156405,none
C:\Users\muldi\Documents\Playground\University\senior-project-1\dataset\internet\clear\Horror movie for WOKE!!!!!.wav,191.1,191.8,กู,0.8298571,none
C:\Users\muldi\Documents\Playground\University\senior-project-1\dataset\internet\clear\Horror movie for WOKE!!!!!.wav,198.45,199.5,กู,0.84371,none
C:\Users\muldi\Documents\Playground\University\senior-project-1\dataset\internet\clear\Horror movie for WOKE!!!!!.wav,200.9,201.6,กู,0.58291656,none
C:\Users\muldi\Documents\Playground\University\senior-project-1\dataset\internet\clear\Horror movie for WOKE!!!!!.wav,220.15,220.85,กู,0.55210084,none
C:\Users\muldi\Documents\Playground\University\senior-project-1\dataset\internet\clear\Horror movie for WOKE!!!!!.wav,227.85,228.9,กู,0.7451792,none
C:\Users\muldi\Documents\Playground\University\senior-project-1\dataset\internet\clear\Horror movie for WOKE!!!!!.wav,232.75,233.45,กู,0.645777,none
C:\Users\muldi\Documents\Playground\University\senior-project-1\dataset\internet\clear\Horror movie for WOKE!!!!!.wav,235.55,237.3,กู,0.69847226,none
C:\Users\muldi\Documents\Playground\University\senior-project-1\dataset\internet\clear\Horror movie for WOKE!!!!!.wav,241.15,242.2,กู,0.7233031,none
C:\Users\muldi\Documents\Playground\University\senior-project-1\dataset\internet\clear\Horror movie for WOKE!!!!!.wav,243.95,244.65,กู,0.5191505,none
C:\Users\muldi\Documents\Playground\University\senior-project-1\dataset\internet\clear\Horror movie for WOKE!!!!!.wav,245.35,246.05,กู,0.74409515,none
C:\Users\muldi\Documents\Playground\University\senior-project-1\dataset\internet\clear\Horror movie for WOKE!!!!!.wav,251.3,252.0,กู,0.73599136,none
C:\Users\muldi\Documents\Playground\University\senior-project-1\dataset\internet\clear\Horror movie for WOKE!!!!!.wav,266.7,267.4,กู,0.5257497,none
C:\Users\muldi\Documents\Playground\University\senior-project-1\dataset\internet\clear\Horror movie for WOKE!!!!!.wav,270.9,271.95,กู,0.6949248,none
C:\Users\muldi\Documents\Playground\University\senior-project-1\dataset\internet\clear\Horror movie for WOKE!!!!!.wav,272.3,273.0,กู,0.6507334,none
C:\Users\muldi\Documents\Playground\University\senior-project-1\dataset\internet\clear\Horror movie for WOKE!!!!!.wav,276.15,276.85,กู,0.53192276,none
C:\Users\muldi\Documents\Playground\University\senior-project-1\dataset\internet\clear\Horror movie for WOKE!!!!!.wav,278.6,279.3,กู,0.6904703,none
C:\Users\muldi\Documents\Playground\University\senior-project-1\dataset\internet\clear\Horror movie for WOKE!!!!!.wav,286.3,287.35,กู,0.5996742,none
C:\Users\muldi\Documents\Playground\University\senior-project-1\dataset\internet\clear\Horror movie for WOKE!!!!!.wav,292.25,292.95,กู,0.5070921,none
C:\Users\muldi\Documents\Playground\University\senior-project-1\dataset\internet\clear\Horror movie for WOKE!!!!!.wav,293.65,294.35,กู,0.620769,none
C:\Users\muldi\Documents\Playground\University\senior-project-1\dataset\internet\clear\Horror movie for WOKE!!!!!.wav,308.35,309.05,กู,0.51508904,none
C:\Users\muldi\Documents\Playground\University\senior-project-1\dataset\internet\clear\Horror movie for WOKE!!!!!.wav,311.5,312.9,กู,0.815795,none
C:\Users\muldi\Documents\Playground\University\senior-project-1\dataset\internet\clear\Horror movie for WOKE!!!!!.wav,321.3,322.35,กู,0.62108475,none
C:\Users\muldi\Documents\Playground\University\senior-project-1\dataset\internet\clear\Horror movie for WOKE!!!!!.wav,323.4,324.1,กู,0.6394473,none
C:\Users\muldi\Documents\Playground\University\senior-project-1\dataset\internet\clear\Horror movie for WOKE!!!!!.wav,324.45,325.15,กู,0.5571317,none
C:\Users\muldi\Documents\Playground\University\senior-project-1\dataset\internet\clear\Horror movie for WOKE!!!!!.wav,325.85,326.55,กู,0.7018848,none
C:\Users\muldi\Documents\Playground\University\senior-project-1\dataset\internet\clear\Horror movie for WOKE!!!!!.wav,328.65,329.35,กู,0.7865452,none
C:\Users\muldi\Documents\Playground\University\senior-project-1\dataset\internet\clear\Horror movie for WOKE!!!!!.wav,336.35,337.4,กู,0.6944051,none
C:\Users\muldi\Documents\Playground\University\senior-project-1\dataset\internet\clear\Horror movie for WOKE!!!!!.wav,358.05,358.75,กู,0.5343161,none
C:\Users\muldi\Documents\Playground\University\senior-project-1\dataset\internet\clear\Horror movie for WOKE!!!!!.wav,359.8,360.5,กู,0.7550903,none
C:\Users\muldi\Documents\Playground\University\senior-project-1\dataset\internet\clear\Horror movie for WOKE!!!!!.wav,361.9,362.6,กู,0.52835137,none
C:\Users\muldi\Documents\Playground\University\senior-project-1\dataset\internet\clear\Horror movie for WOKE!!!!!.wav,365.05,366.45,กู,0.8047803,none
C:\Users\muldi\Documents\Playground\University\senior-project-1\dataset\internet\clear\Horror movie for WOKE!!!!!.wav,379.05,379.75,กู,0.5736804,none
C:\Users\muldi\Documents\Playground\University\senior-project-1\dataset\internet\clear\Horror movie for WOKE!!!!!.wav,389.9,390.6,กู,0.73607266,กู
C:\Users\muldi\Documents\Playground\University\senior-project-1\dataset\internet\clear\Horror movie for WOKE!!!!!.wav,390.95,391.65,กู,0.69968134,กู
C:\Users\muldi\Documents\Playground\University\senior-project-1\dataset\internet\clear\Horror movie for WOKE!!!!!.wav,395.5,396.2,กู,0.6137836,none
C:\Users\muldi\Documents\Playground\University\senior-project-1\dataset\internet\clear\Horror movie for WOKE!!!!!.wav,408.45,409.15,กู,0.5912801,none
C:\Users\muldi\Documents\Playground\University\senior-project-1\dataset\internet\clear\Horror movie for WOKE!!!!!.wav,411.95,412.65,กู,0.6532708,none
C:\Users\muldi\Documents\Playground\University\senior-project-1\dataset\internet\clear\Horror movie for WOKE!!!!!.wav,422.1,423.15,กู,0.72743785,none
C:\Users\muldi\Documents\Playground\University\senior-project-1\dataset\internet\clear\Horror movie for WOKE!!!!!.wav,425.25,425.95,กู,0.4870139,none
C:\Users\muldi\Documents\Playground\University\senior-project-1\dataset\internet\clear\Horror movie for WOKE!!!!!.wav,431.9,432.6,กู,0.7204342,none
C:\Users\muldi\Documents\Playground\University\senior-project-1\dataset\internet\clear\Horror movie for WOKE!!!!!.wav,440.65,442.05,กู,0.8203084,none
C:\Users\muldi\Documents\Playground\University\senior-project-1\dataset\internet\clear\Horror movie for WOKE!!!!!.wav,448.0,448.7,กู,0.5455851,none
C:\Users\muldi\Documents\Playground\University\senior-project-1\dataset\internet\clear\Horror movie for WOKE!!!!!.wav,454.65,455.35,กู,0.64986277,none
C:\Users\muldi\Documents\Playground\University\senior-project-1\dataset\internet\clear\Horror movie for WOKE!!!!!.wav,462.35,463.05,กู,0.6090243,none
C:\Users\muldi\Documents\Playground\University\senior-project-1\dataset\internet\clear\Horror movie for WOKE!!!!!.wav,465.5,466.55,กู,0.8227726,none
C:\Users\muldi\Documents\Playground\University\senior-project-1\dataset\internet\clear\Horror movie for WOKE!!!!!.wav,468.65,469.35,กู,0.55087876,none
C:\Users\muldi\Documents\Playground\University\senior-project-1\dataset\internet\clear\Horror movie for WOKE!!!!!.wav,474.25,474.95,กู,0.4706963,none
C:\Users\muldi\Documents\Playground\University\senior-project-1\dataset\internet\clear\Horror movie for WOKE!!!!!.wav,481.95,482.65,กู,0.6125756,none
C:\Users\muldi\Documents\Playground\University\senior-project-1\dataset\internet\clear\Horror movie for WOKE!!!!!.wav,484.05,484.75,กู,0.6775018,none
C:\Users\muldi\Documents\Playground\University\senior-project-1\dataset\internet\clear\Horror movie for WOKE!!!!!.wav,489.3,490.35,กู,0.6747607,none
C:\Users\muldi\Documents\Playground\University\senior-project-1\dataset\internet\clear\Horror movie for WOKE!!!!!.wav,493.15,494.2,กู,0.6698195,none
C:\Users\muldi\Documents\Playground\University\senior-project-1\dataset\internet\clear\Horror movie for WOKE!!!!!.wav,502.25,502.95,กู,0.84960204,none
C:\Users\muldi\Documents\Playground\University\senior-project-1\dataset\internet\clear\Horror movie for WOKE!!!!!.wav,506.45,507.15,กู,0.5871659,none
C:\Users\muldi\Documents\Playground\University\senior-project-1\dataset\internet\clear\Horror movie for WOKE!!!!!.wav,509.25,509.95,กู,0.64234513,มึง
C:\Users\muldi\Documents\Playground\University\senior-project-1\dataset\internet\clear\Horror movie for WOKE!!!!!.wav,512.75,513.8,กู,0.5530889,none
C:\Users\muldi\Documents\Playground\University\senior-project-1\dataset\internet\clear\Horror movie for WOKE!!!!!.wav,525.0,526.05,กู,0.7715137,มึง
C:\Users\muldi\Documents\Playground\University\senior-project-1\dataset\internet\clear\Horror movie for WOKE!!!!!.wav,526.4,527.1,กู,0.70636964,มึง
C:\Users\muldi\Documents\Playground\University\senior-project-1\dataset\internet\clear\Horror movie for WOKE!!!!!.wav,530.25,531.3,กู,0.7639958,none
C:\Users\muldi\Documents\Playground\University\senior-project-1\dataset\internet\clear\Horror movie for WOKE!!!!!.wav,545.65,546.35,กู,0.6211783,มึง
C:\Users\muldi\Documents\Playground\University\senior-project-1\dataset\internet\clear\Horror movie for WOKE!!!!!.wav,547.05,548.1,กู,0.66175604,none
C:\Users\muldi\Documents\Playground\University\senior-project-1\dataset\internet\clear\Horror movie for WOKE!!!!!.wav,549.15,549.85,กู,0.7039366,none
C:\Users\muldi\Documents\Playground\University\senior-project-1\dataset\internet\clear\Horror movie for WOKE!!!!!.wav,556.15,556.85,กู,0.7105369,กู
C:\Users\muldi\Documents\Playground\University\senior-project-1\dataset\internet\clear\Horror movie for WOKE!!!!!.wav,557.2,557.9,กู,0.60524076,กู
C:\Users\muldi\Documents\Playground\University\senior-project-1\dataset\internet\clear\Horror movie for WOKE!!!!!.wav,568.75,569.8,กู,0.816441,none
C:\Users\muldi\Documents\Playground\University\senior-project-1\dataset\internet\clear\Horror movie for WOKE!!!!!.wav,570.85,571.55,กู,0.506736,none
C:\Users\muldi\Documents\Playground\University\senior-project-1\dataset\internet\clear\Horror movie for WOKE!!!!!.wav,579.95,580.65,กู,0.5587963,none
C:\Users\muldi\Documents\Playground\University\senior-project-1\dataset\internet\clear\Horror movie for WOKE!!!!!.wav,584.85,585.55,กู,0.5901701,none
C:\Users\muldi\Documents\Playground\University\senior-project-1\dataset\internet\clear\Horror movie for WOKE!!!!!.wav,591.5,592.9,กู,0.7710352,none
C:\Users\muldi\Documents\Playground\University\senior-project-1\dataset\internet\clear\Horror movie for WOKE!!!!!.wav,597.1,598.15,กู,0.8388896,none
C:\Users\muldi\Documents\Playground\University\senior-project-1\dataset\internet\clear\Horror movie for WOKE!!!!!.wav,598.5,599.2,กู,0.49349537,none
C:\Users\muldi\Documents\Playground\University\senior-project-1\dataset\internet\clear\Horror movie for WOKE!!!!!.wav,604.45,605.15,กู,0.5493464,none
C:\Users\muldi\Documents\Playground\University\senior-project-1\dataset\internet\clear\Horror movie for WOKE!!!!!.wav,637.7,638.4,กู,0.60265636,none
C:\Users\muldi\Documents\Playground\University\senior-project-1\dataset\internet\clear\Horror movie for WOKE!!!!!.wav,645.05,646.1,กู,0.6271627,none
C:\Users\muldi\Documents\Playground\University\senior-project-1\dataset\internet\clear\Horror movie for WOKE!!!!!.wav,649.6,650.3,กู,0.6261528,none
C:\Users\muldi\Documents\Playground\University\senior-project-1\dataset\internet\clear\Horror movie for WOKE!!!!!.wav,676.2,677.25,กู,0.72606456,none
C:\Users\muldi\Documents\Playground\University\senior-project-1\dataset\internet\clear\Horror movie for WOKE!!!!!.wav,680.75,681.45,กู,0.67860407,none
C:\Users\muldi\Documents\Playground\University\senior-project-1\dataset\internet\clear\Horror movie for WOKE!!!!!.wav,695.1,696.85,กู,0.69035494,none
C:\Users\muldi\Documents\Playground\University\senior-project-1\dataset\internet\clear\Horror movie for WOKE!!!!!.wav,699.3,700.35,กู,0.65399873,none
C:\Users\muldi\Documents\Playground\University\senior-project-1\dataset\internet\clear\Horror movie for WOKE!!!!!.wav,701.4,702.1,กู,0.638539,none
C:\Users\muldi\Documents\Playground\University\senior-project-1\dataset\internet\clear\Horror movie for WOKE!!!!!.wav,702.8,703.5,กู,0.65575296,none
C:\Users\muldi\Documents\Playground\University\senior-project-1\dataset\internet\clear\Horror movie for WOKE!!!!!.wav,704.2,705.25,กู,0.6625978,none
C:\Users\muldi\Documents\Playground\University\senior-project-1\dataset\internet\clear\Horror movie for WOKE!!!!!.wav,706.3,707.0,กู,0.61912775,none
C:\Users\muldi\Documents\Playground\University\senior-project-1\dataset\internet\clear\Horror movie for WOKE!!!!!.wav,711.55,712.6,กู,0.763356,none
C:\Users\muldi\Documents\Playground\University\senior-project-1\dataset\internet\clear\Horror movie for WOKE!!!!!.wav,715.4,716.1,กู,0.8175808,none
C:\Users\muldi\Documents\Playground\University\senior-project-1\dataset\internet\clear\Horror movie for WOKE!!!!!.wav,726.95,727.65,กู,0.5046656,none
C:\Users\muldi\Documents\Playground\University\senior-project-1\dataset\internet\clear\Horror movie for WOKE!!!!!.wav,729.4,730.45,กู,0.79032487,กู
C:\Users\muldi\Documents\Playground\University\senior-project-1\dataset\internet\clear\Horror movie for WOKE!!!!!.wav,736.4,738.15,กู,0.8235142,none
C:\Users\muldi\Documents\Playground\University\senior-project-1\dataset\internet\clear\Horror movie for WOKE!!!!!.wav,738.5,739.9,กู,0.7728277,none
C:\Users\muldi\Documents\Playground\University\senior-project-1\dataset\internet\clear\Horror movie for WOKE!!!!!.wav,741.3,742.0,กู,0.523089,none
C:\Users\muldi\Documents\Playground\University\senior-project-1\dataset\internet\clear\Horror movie for WOKE!!!!!.wav,744.8,745.5,กู,0.6524185,none
C:\Users\muldi\Documents\Playground\University\senior-project-1\dataset\internet\clear\Horror movie for WOKE!!!!!.wav,749.0,749.7,กู,0.55176026,none
C:\Users\muldi\Documents\Playground\University\senior-project-1\dataset\internet\clear\Horror movie for WOKE!!!!!.wav,753.9,755.3,กู,0.55468184,none
C:\Users\muldi\Documents\Playground\University\senior-project-1\dataset\internet\clear\Horror movie for WOKE!!!!!.wav,757.75,758.45,กู,0.8184887,none
C:\Users\muldi\Documents\Playground\University\senior-project-1\dataset\internet\clear\Horror movie for WOKE!!!!!.wav,762.65,763.35,กู,0.6467972,none
C:\Users\muldi\Documents\Playground\University\senior-project-1\dataset\internet\clear\Horror movie for WOKE!!!!!.wav,776.65,777.35,กู,0.7578041,none
C:\Users\muldi\Documents\Playground\University\senior-project-1\dataset\internet\clear\Horror movie for WOKE!!!!!.wav,786.1,786.8,กู,0.74745,none
C:\Users\muldi\Documents\Playground\University\senior-project-1\dataset\internet\clear\Horror movie for WOKE!!!!!.wav,812.7,813.4,กู,0.83106756,กู
C:\Users\muldi\Documents\Playground\University\senior-project-1\dataset\internet\clear\Horror movie for WOKE!!!!!.wav,814.45,815.15,กู,0.57452196,none
C:\Users\muldi\Documents\Playground\University\senior-project-1\dataset\internet\clear\Horror movie for WOKE!!!!!.wav,826.35,827.05,กู,0.53982306,กู
C:\Users\muldi\Documents\Playground\University\senior-project-1\dataset\internet\clear\Horror movie for WOKE!!!!!.wav,830.9,831.6,กู,0.6933046,none
C:\Users\muldi\Documents\Playground\University\senior-project-1\dataset\internet\clear\Horror movie for WOKE!!!!!.wav,839.65,840.35,กู,0.7370948,none
C:\Users\muldi\Documents\Playground\University\senior-project-1\dataset\internet\clear\Horror movie for WOKE!!!!!.wav,867.3,869.75,กู,0.78001165,none
C:\Users\muldi\Documents\Playground\University\senior-project-1\dataset\internet\clear\Horror movie for WOKE!!!!!.wav,871.85,872.55,กู,0.4869335,มึง
C:\Users\muldi\Documents\Playground\University\senior-project-1\dataset\internet\clear\Horror movie for WOKE!!!!!.wav,877.8,878.85,กู,0.7971383,none
C:\Users\muldi\Documents\Playground\University\senior-project-1\dataset\internet\clear\Horror movie for WOKE!!!!!.wav,883.05,883.75,กู,0.6415528,มึง
C:\Users\muldi\Documents\Playground\University\senior-project-1\dataset\internet\clear\Horror movie for WOKE!!!!!.wav,889.35,890.75,กู,0.74065256,none
C:\Users\muldi\Documents\Playground\University\senior-project-1\dataset\internet\clear\Horror movie for WOKE!!!!!.wav,903.35,904.05,กู,0.50484496,none
C:\Users\muldi\Documents\Playground\University\senior-project-1\dataset\internet\clear\Horror movie for WOKE!!!!!.wav,906.15,906.85,กู,0.5112092,none
C:\Users\muldi\Documents\Playground\University\senior-project-1\dataset\internet\clear\Horror movie for WOKE!!!!!.wav,916.3,917.35,กู,0.7031555,none
C:\Users\muldi\Documents\Playground\University\senior-project-1\dataset\internet\clear\Horror movie for WOKE!!!!!.wav,925.75,926.45,กู,0.56263524,กู
C:\Users\muldi\Documents\Playground\University\senior-project-1\dataset\internet\clear\Horror movie for WOKE!!!!!.wav,935.9,936.6,กู,0.74583894,none
C:\Users\muldi\Documents\Playground\University\senior-project-1\dataset\internet\clear\Horror movie for WOKE!!!!!.wav,939.4,940.1,กู,0.7286619,none
C:\Users\muldi\Documents\Playground\University\senior-project-1\dataset\internet\clear\Horror movie for WOKE!!!!!.wav,942.2,942.9,กู,0.49818522,none
C:\Users\muldi\Documents\Playground\University\senior-project-1\dataset\internet\clear\Horror movie for WOKE!!!!!.wav,943.25,943.95,กู,0.50499815,none
C:\Users\muldi\Documents\Playground\University\senior-project-1\dataset\internet\clear\Horror movie for WOKE!!!!!.wav,944.65,945.35,กู,0.53039104,none
C:\Users\muldi\Documents\Playground\University\senior-project-1\dataset\internet\clear\Horror movie for WOKE!!!!!.wav,951.65,952.35,กู,0.56797314,none
C:\Users\muldi\Documents\Playground\University\senior-project-1\dataset\internet\clear\Horror movie for WOKE!!!!!.wav,956.9,957.6,กู,0.6929367,none
C:\Users\muldi\Documents\Playground\University\senior-project-1\dataset\internet\clear\Horror movie for WOKE!!!!!.wav,964.95,965.65,กู,0.640373,none
C:\Users\muldi\Documents\Playground\University\senior-project-1\dataset\internet\clear\Horror movie for WOKE!!!!!.wav,969.5,970.2,กู,0.681749,กู
C:\Users\muldi\Documents\Playground\University\senior-project-1\dataset\internet\clear\Horror movie for WOKE!!!!!.wav,973.35,974.05,กู,0.5540703,กู
C:\Users\muldi\Documents\Playground\University\senior-project-1\dataset\internet\clear\Horror movie for WOKE!!!!!.wav,988.4,989.45,กู,0.7089441,มึง
C:\Users\muldi\Documents\Playground\University\senior-project-1\dataset\internet\clear\Horror movie for WOKE!!!!!.wav,990.85,991.55,กู,0.50742215,none
C:\Users\muldi\Documents\Playground\University\senior-project-1\dataset\internet\clear\Horror movie for WOKE!!!!!.wav,992.6,993.65,กู,0.82709587,none
C:\Users\muldi\Documents\Playground\University\senior-project-1\dataset\internet\clear\Horror movie for WOKE!!!!!.wav,1002.05,1002.75,กู,0.73164415,none
C:\Users\muldi\Documents\Playground\University\senior-project-1\dataset\internet\clear\Horror movie for WOKE!!!!!.wav,1005.55,1006.6,กู,0.76962554,none
C:\Users\muldi\Documents\Playground\University\senior-project-1\dataset\internet\clear\Horror movie for WOKE!!!!!.wav,1014.65,1015.35,กู,0.6384966,none
C:\Users\muldi\Documents\Playground\University\senior-project-1\dataset\internet\clear\Horror movie for WOKE!!!!!.wav,1023.4,1024.1,กู,0.6269541,none
C:\Users\muldi\Documents\Playground\University\senior-project-1\dataset\internet\clear\Horror movie for WOKE!!!!!.wav,1031.45,1033.55,กู,0.8838853,none
C:\Users\muldi\Documents\Playground\University\senior-project-1\dataset\internet\clear\Horror movie for WOKE!!!!!.wav,1042.3,1043.0,กู,0.52121603,none
C:\Users\muldi\Documents\Playground\University\senior-project-1\dataset\internet\clear\Horror movie for WOKE!!!!!.wav,1062.6,1063.3,กู,0.55818164,none
C:\Users\muldi\Documents\Playground\University\senior-project-1\dataset\internet\clear\Horror movie for WOKE!!!!!.wav,1074.15,1075.2,กู,0.7761543,none
C:\Users\muldi\Documents\Playground\University\senior-project-1\dataset\internet\clear\Horror movie for WOKE!!!!!.wav,1080.45,1082.55,กู,0.7014464,กู
C:\Users\muldi\Documents\Playground\University\senior-project-1\dataset\internet\clear\Horror movie for WOKE!!!!!.wav,1083.25,1084.3,กู,0.7460815,none
C:\Users\muldi\Documents\Playground\University\senior-project-1\dataset\internet\clear\Horror movie for WOKE!!!!!.wav,1089.2,1089.9,กู,0.62062955,none
C:\Users\muldi\Documents\Playground\University\senior-project-1\dataset\internet\clear\Horror movie for WOKE!!!!!.wav,1091.65,1092.35,กู,0.5126931,none
C:\Users\muldi\Documents\Playground\University\senior-project-1\dataset\internet\clear\Horror movie for WOKE!!!!!.wav,1101.45,1102.15,กู,0.66816217,none
C:\Users\muldi\Documents\Playground\University\senior-project-1\dataset\internet\clear\Horror movie for WOKE!!!!!.wav,1102.85,1103.55,กู,0.5373732,กู
C:\Users\muldi\Documents\Playground\University\senior-project-1\dataset\internet\clear\Horror movie for WOKE!!!!!.wav,1105.65,1106.35,กู,0.6883428,กู
C:\Users\muldi\Documents\Playground\University\senior-project-1\dataset\internet\clear\Horror movie for WOKE!!!!!.wav,0.35,1.05,มึง,0.63649577,none
C:\Users\muldi\Documents\Playground\University\senior-project-1\dataset\internet\clear\Horror movie for WOKE!!!!!.wav,3.15,3.85,มึง,0.5857304,none
C:\Users\muldi\Documents\Playground\University\senior-project-1\dataset\internet\clear\Horror movie for WOKE!!!!!.wav,4.2,5.95,มึง,0.804214,none
C:\Users\muldi\Documents\Playground\University\senior-project-1\dataset\internet\clear\Horror movie for WOKE!!!!!.wav,6.65,7.35,มึง,0.5293007,none
C:\Users\muldi\Documents\Playground\University\senior-project-1\dataset\internet\clear\Horror movie for WOKE!!!!!.wav,17.85,18.55,มึง,0.48739693,none
C:\Users\muldi\Documents\Playground\University\senior-project-1\dataset\internet\clear\Horror movie for WOKE!!!!!.wav,25.2,25.9,มึง,0.4940555,none
C:\Users\muldi\Documents\Playground\University\senior-project-1\dataset\internet\clear\Horror movie for WOKE!!!!!.wav,28.35,29.05,มึง,0.6514694,none
C:\Users\muldi\Documents\Playground\University\senior-project-1\dataset\internet\clear\Horror movie for WOKE!!!!!.wav,47.6,48.65,มึง,0.91028464,none
C:\Users\muldi\Documents\Playground\University\senior-project-1\dataset\internet\clear\Horror movie for WOKE!!!!!.wav,60.2,60.9,มึง,0.56046,none
C:\Users\muldi\Documents\Playground\University\senior-project-1\dataset\internet\clear\Horror movie for WOKE!!!!!.wav,74.2,74.9,มึง,0.7021793,มึง
C:\Users\muldi\Documents\Playground\University\senior-project-1\dataset\internet\clear\Horror movie for WOKE!!!!!.wav,79.8,80.5,มึง,0.71590126,none
C:\Users\muldi\Documents\Playground\University\senior-project-1\dataset\internet\clear\Horror movie for WOKE!!!!!.wav,112.0,112.7,มึง,0.6767981,none
C:\Users\muldi\Documents\Playground\University\senior-project-1\dataset\internet\clear\Horror movie for WOKE!!!!!.wav,114.45,115.15,มึง,0.55979246,none
C:\Users\muldi\Documents\Playground\University\senior-project-1\dataset\internet\clear\Horror movie for WOKE!!!!!.wav,123.55,126.35,มึง,0.9200191,none
C:\Users\muldi\Documents\Playground\University\senior-project-1\dataset\internet\clear\Horror movie for WOKE!!!!!.wav,127.75,128.45,มึง,0.8891921,none
C:\Users\muldi\Documents\Playground\University\senior-project-1\dataset\internet\clear\Horror movie for WOKE!!!!!.wav,133.35,134.05,มึง,0.7880775,none
C:\Users\muldi\Documents\Playground\University\senior-project-1\dataset\internet\clear\Horror movie for WOKE!!!!!.wav,140.0,140.7,มึง,0.7908238,none
C:\Users\muldi\Documents\Playground\University\senior-project-1\dataset\internet\clear\Horror movie for WOKE!!!!!.wav,154.0,155.05,มึง,0.5854437,none
C:\Users\muldi\Documents\Playground\University\senior-project-1\dataset\internet\clear\Horror movie for WOKE!!!!!.wav,157.5,158.2,มึง,0.49870092,none
C:\Users\muldi\Documents\Playground\University\senior-project-1\dataset\internet\clear\Horror movie for WOKE!!!!!.wav,162.75,164.15,มึง,0.8802638,มึง
C:\Users\muldi\Documents\Playground\University\senior-project-1\dataset\internet\clear\Horror movie for WOKE!!!!!.wav,167.3,168.0,มึง,0.5822137,none
C:\Users\muldi\Documents\Playground\University\senior-project-1\dataset\internet\clear\Horror movie for WOKE!!!!!.wav,180.95,181.65,มึง,0.73998326,none
C:\Users\muldi\Documents\Playground\University\senior-project-1\dataset\internet\clear\Horror movie for WOKE!!!!!.wav,192.85,193.55,มึง,0.6029423,none
C:\Users\muldi\Documents\Playground\University\senior-project-1\dataset\internet\clear\Horror movie for WOKE!!!!!.wav,194.25,194.95,มึง,0.7877629,none
C:\Users\muldi\Documents\Playground\University\senior-project-1\dataset\internet\clear\Horror movie for WOKE!!!!!.wav,204.75,205.45,มึง,0.49658167,none
C:\Users\muldi\Documents\Playground\University\senior-project-1\dataset\internet\clear\Horror movie for WOKE!!!!!.wav,226.8,227.5,มึง,0.6375848,none
C:\Users\muldi\Documents\Playground\University\senior-project-1\dataset\internet\clear\Horror movie for WOKE!!!!!.wav,228.9,229.6,มึง,0.52759874,none
C:\Users\muldi\Documents\Playground\University\senior-project-1\dataset\internet\clear\Horror movie for WOKE!!!!!.wav,241.85,242.55,มึง,0.8384942,none
C:\Users\muldi\Documents\Playground\University\senior-project-1\dataset\internet\clear\Horror movie for WOKE!!!!!.wav,246.4,248.15,มึง,0.8790031,none
C:\Users\muldi\Documents\Playground\University\senior-project-1\dataset\internet\clear\Horror movie for WOKE!!!!!.wav,254.45,255.15,มึง,0.75889987,none
C:\Users\muldi\Documents\Playground\University\senior-project-1\dataset\internet\clear\Horror movie for WOKE!!!!!.wav,263.9,264.6,มึง,0.5361055,none
C:\Users\muldi\Documents\Playground\University\senior-project-1\dataset\internet\clear\Horror movie for WOKE!!!!!.wav,264.95,265.65,มึง,0.6557866,none
C:\Users\muldi\Documents\Playground\University\senior-project-1\dataset\internet\clear\Horror movie for WOKE!!!!!.wav,269.5,270.2,มึง,0.5286091,none
C:\Users\muldi\Documents\Playground\University\senior-project-1\dataset\internet\clear\Horror movie for WOKE!!!!!.wav,295.05,295.75,มึง,0.6686047,none
C:\Users\muldi\Documents\Playground\University\senior-project-1\dataset\internet\clear\Horror movie for WOKE!!!!!.wav,306.95,308.35,มึง,0.6666442,none
C:\Users\muldi\Documents\Playground\University\senior-project-1\dataset\internet\clear\Horror movie for WOKE!!!!!.wav,314.3,315.35,มึง,0.73564184,none
C:\Users\muldi\Documents\Playground\University\senior-project-1\dataset\internet\clear\Horror movie for WOKE!!!!!.wav,315.7,316.4,มึง,0.6499936,none
C:\Users\muldi\Documents\Playground\University\senior-project-1\dataset\internet\clear\Horror movie for WOKE!!!!!.wav,320.25,320.95,มึง,0.49609974,none
C:\Users\muldi\Documents\Playground\University\senior-project-1\dataset\internet\clear\Horror movie for WOKE!!!!!.wav,330.75,331.45,มึง,0.60583436,none
C:\Users\muldi\Documents\Playground\University\senior-project-1\dataset\internet\clear\Horror movie for WOKE!!!!!.wav,341.25,343.35,มึง,0.78420156,none
C:\Users\muldi\Documents\Playground\University\senior-project-1\dataset\internet\clear\Horror movie for WOKE!!!!!.wav,344.4,345.1,มึง,0.79394305,none
C:\Users\muldi\Documents\Playground\University\senior-project-1\dataset\internet\clear\Horror movie for WOKE!!!!!.wav,345.45,346.5,มึง,0.84000415,none
C:\Users\muldi\Documents\Playground\University\senior-project-1\dataset\internet\clear\Horror movie for WOKE!!!!!.wav,352.1,352.8,มึง,0.867605,none
C:\Users\muldi\Documents\Playground\University\senior-project-1\dataset\internet\clear\Horror movie for WOKE!!!!!.wav,356.65,357.35,มึง,0.59252477,none
C:\Users\muldi\Documents\Playground\University\senior-project-1\dataset\internet\clear\Horror movie for WOKE!!!!!.wav,377.3,378.0,มึง,0.8583127,none
C:\Users\muldi\Documents\Playground\University\senior-project-1\dataset\internet\clear\Horror movie for WOKE!!!!!.wav,381.5,382.2,มึง,0.72190523,none
C:\Users\muldi\Documents\Playground\University\senior-project-1\dataset\internet\clear\Horror movie for WOKE!!!!!.wav,393.4,394.45,มึง,0.8039592,none
C:\Users\muldi\Documents\Playground\University\senior-project-1\dataset\internet\clear\Horror movie for WOKE!!!!!.wav,398.3,399.0,มึง,0.51531106,none
C:\Users\muldi\Documents\Playground\University\senior-project-1\dataset\internet\clear\Horror movie for WOKE!!!!!.wav,402.15,403.2,มึง,0.7281416,มึง
C:\Users\muldi\Documents\Playground\University\senior-project-1\dataset\internet\clear\Horror movie for WOKE!!!!!.wav,403.55,404.95,มึง,0.6521453,none
C:\Users\muldi\Documents\Playground\University\senior-project-1\dataset\internet\clear\Horror movie for WOKE!!!!!.wav,405.3,406.0,มึง,0.7667545,none
C:\Users\muldi\Documents\Playground\University\senior-project-1\dataset\internet\clear\Horror movie for WOKE!!!!!.wav,418.6,419.3,มึง,0.74824345,none
C:\Users\muldi\Documents\Playground\University\senior-project-1\dataset\internet\clear\Horror movie for WOKE!!!!!.wav,422.8,423.5,มึง,0.66300195,none
C:\Users\muldi\Documents\Playground\University\senior-project-1\dataset\internet\clear\Horror movie for WOKE!!!!!.wav,427.7,428.4,มึง,0.6831581,none
C:\Users\muldi\Documents\Playground\University\senior-project-1\dataset\internet\clear\Horror movie for WOKE!!!!!.wav,430.15,430.85,มึง,0.672,มึง
C:\Users\muldi\Documents\Playground\University\senior-project-1\dataset\internet\clear\Horror movie for WOKE!!!!!.wav,433.3,434.0,มึง,0.65444136,none
C:\Users\muldi\Documents\Playground\University\senior-project-1\dataset\internet\clear\Horror movie for WOKE!!!!!.wav,444.5,445.2,มึง,0.56067634,none
C:\Users\muldi\Documents\Playground\University\senior-project-1\dataset\internet\clear\Horror movie for WOKE!!!!!.wav,455.0,455.7,มึง,0.6700929,none
C:\Users\muldi\Documents\Playground\University\senior-project-1\dataset\internet\clear\Horror movie for WOKE!!!!!.wav,462.7,463.4,มึง,0.6201211,none
C:\Users\muldi\Documents\Playground\University\senior-project-1\dataset\internet\clear\Horror movie for WOKE!!!!!.wav,469.35,470.05,มึง,0.8005524,none
C:\Users\muldi\Documents\Playground\University\senior-project-1\dataset\internet\clear\Horror movie for WOKE!!!!!.wav,473.2,475.3,มึง,0.75191605,none
C:\Users\muldi\Documents\Playground\University\senior-project-1\dataset\internet\clear\Horror movie for WOKE!!!!!.wav,477.4,478.1,มึง,0.59576195,none
C:\Users\muldi\Documents\Playground\University\senior-project-1\dataset\internet\clear\Horror movie for WOKE!!!!!.wav,485.1,486.5,มึง,0.7319838,none
C:\Users\muldi\Documents\Playground\University\senior-project-1\dataset\internet\clear\Horror movie for WOKE!!!!!.wav,490.7,491.75,มึง,0.7427684,none
C:\Users\muldi\Documents\Playground\University\senior-project-1\dataset\internet\clear\Horror movie for WOKE!!!!!.wav,508.9,509.6,มึง,0.86025405,มึง
C:\Users\muldi\Documents\Playground\University\senior-project-1\dataset\internet\clear\Horror movie for WOKE!!!!!.wav,523.6,524.3,มึง,0.658929,none
C:\Users\muldi\Documents\Playground\University\senior-project-1\dataset\internet\clear\Horror movie for WOKE!!!!!.wav,524.65,525.35,มึง,0.7419488,มึง
C:\Users\muldi\Documents\Playground\University\senior-project-1\dataset\internet\clear\Horror movie for WOKE!!!!!.wav,528.85,530.25,มึง,0.7403924,มึง
C:\Users\muldi\Documents\Playground\University\senior-project-1\dataset\internet\clear\Horror movie for WOKE!!!!!.wav,530.95,531.65,มึง,0.79463655,มึง
C:\Users\muldi\Documents\Playground\University\senior-project-1\dataset\internet\clear\Horror movie for WOKE!!!!!.wav,533.05,534.1,มึง,0.8104839,มึง
C:\Users\muldi\Documents\Playground\University\senior-project-1\dataset\internet\clear\Horror movie for WOKE!!!!!.wav,535.15,536.2,มึง,0.7354161,มึง
C:\Users\muldi\Documents\Playground\University\senior-project-1\dataset\internet\clear\Horror movie for WOKE!!!!!.wav,536.9,537.6,มึง,0.706848,มึง
C:\Users\muldi\Documents\Playground\University\senior-project-1\dataset\internet\clear\Horror movie for WOKE!!!!!.wav,538.3,539.0,มึง,0.5805728,none
C:\Users\muldi\Documents\Playground\University\senior-project-1\dataset\internet\clear\Horror movie for WOKE!!!!!.wav,539.7,540.4,มึง,0.5831376,none
C:\Users\muldi\Documents\Playground\University\senior-project-1\dataset\internet\clear\Horror movie for WOKE!!!!!.wav,546.0,546.7,มึง,0.5229159,none
C:\Users\muldi\Documents\Playground\University\senior-project-1\dataset\internet\clear\Horror movie for WOKE!!!!!.wav,551.6,552.3,มึง,0.51940066,none
C:\Users\muldi\Documents\Playground\University\senior-project-1\dataset\internet\clear\Horror movie for WOKE!!!!!.wav,573.3,574.35,มึง,0.8341992,none
C:\Users\muldi\Documents\Playground\University\senior-project-1\dataset\internet\clear\Horror movie for WOKE!!!!!.wav,588.35,589.05,มึง,0.4991545,none
C:\Users\muldi\Documents\Playground\University\senior-project-1\dataset\internet\clear\Horror movie for WOKE!!!!!.wav,590.1,590.8,มึง,0.8808666,มึง
C:\Users\muldi\Documents\Playground\University\senior-project-1\dataset\internet\clear\Horror movie for WOKE!!!!!.wav,613.2,614.25,มึง,0.86683583,มึง
C:\Users\muldi\Documents\Playground\University\senior-project-1\dataset\internet\clear\Horror movie for WOKE!!!!!.wav,617.4,619.15,มึง,0.8280046,none
C:\Users\muldi\Documents\Playground\University\senior-project-1\dataset\internet\clear\Horror movie for WOKE!!!!!.wav,644.35,645.05,มึง,0.7080196,none
C:\Users\muldi\Documents\Playground\University\senior-project-1\dataset\internet\clear\Horror movie for WOKE!!!!!.wav,651.35,652.05,มึง,0.6796131,none
C:\Users\muldi\Documents\Playground\University\senior-project-1\dataset\internet\clear\Horror movie for WOKE!!!!!.wav,652.75,653.8,มึง,0.89742255,มึง
C:\Users\muldi\Documents\Playground\University\senior-project-1\dataset\internet\clear\Horror movie for WOKE!!!!!.wav,659.4,660.1,มึง,0.76946944,none
C:\Users\muldi\Documents\Playground\University\senior-project-1\dataset\internet\clear\Horror movie for WOKE!!!!!.wav,680.4,681.1,มึง,0.74577826,none
C:\Users\muldi\Documents\Playground\University\senior-project-1\dataset\internet\clear\Horror movie for WOKE!!!!!.wav,686.35,687.05,มึง,0.6245977,none
C:\Users\muldi\Documents\Playground\University\senior-project-1\dataset\internet\clear\Horror movie for WOKE!!!!!.wav,717.85,718.55,มึง,0.58580583,none
C:\Users\muldi\Documents\Playground\University\senior-project-1\dataset\internet\clear\Horror movie for WOKE!!!!!.wav,723.1,723.8,มึง,0.82105124,none
C:\Users\muldi\Documents\Playground\University\senior-project-1\dataset\internet\clear\Horror movie for WOKE!!!!!.wav,727.65,728.35,มึง,0.5449207,none
C:\Users\muldi\Documents\Playground\University\senior-project-1\dataset\internet\clear\Horror movie for WOKE!!!!!.wav,732.55,733.25,มึง,0.7925398,none
C:\Users\muldi\Documents\Playground\University\senior-project-1\dataset\internet\clear\Horror movie for WOKE!!!!!.wav,737.1,737.8,มึง,0.89717466,none
C:\Users\muldi\Documents\Playground\University\senior-project-1\dataset\internet\clear\Horror movie for WOKE!!!!!.wav,747.6,748.65,มึง,0.87214917,none
C:\Users\muldi\Documents\Playground\University\senior-project-1\dataset\internet\clear\Horror movie for WOKE!!!!!.wav,758.1,758.8,มึง,0.577668,none
C:\Users\muldi\Documents\Playground\University\senior-project-1\dataset\internet\clear\Horror movie for WOKE!!!!!.wav,759.15,759.85,มึง,0.678726,none
C:\Users\muldi\Documents\Playground\University\senior-project-1\dataset\internet\clear\Horror movie for WOKE!!!!!.wav,764.05,764.75,มึง,0.5334833,none
C:\Users\muldi\Documents\Playground\University\senior-project-1\dataset\internet\clear\Horror movie for WOKE!!!!!.wav,767.55,768.6,มึง,0.85000753,none
C:\Users\muldi\Documents\Playground\University\senior-project-1\dataset\internet\clear\Horror movie for WOKE!!!!!.wav,771.05,771.75,มึง,0.73310614,none
C:\Users\muldi\Documents\Playground\University\senior-project-1\dataset\internet\clear\Horror movie for WOKE!!!!!.wav,778.75,779.45,มึง,0.4849817,none
C:\Users\muldi\Documents\Playground\University\senior-project-1\dataset\internet\clear\Horror movie for WOKE!!!!!.wav,782.95,783.65,มึง,0.57828283,none
C:\Users\muldi\Documents\Playground\University\senior-project-1\dataset\internet\clear\Horror movie for WOKE!!!!!.wav,784.35,785.05,มึง,0.8111501,none
C:\Users\muldi\Documents\Playground\University\senior-project-1\dataset\internet\clear\Horror movie for WOKE!!!!!.wav,804.3,805.0,มึง,0.8274961,มึง
C:\Users\muldi\Documents\Playground\University\senior-project-1\dataset\internet\clear\Horror movie for WOKE!!!!!.wav,805.7,806.4,มึง,0.8829257,none
C:\Users\muldi\Documents\Playground\University\senior-project-1\dataset\internet\clear\Horror movie for WOKE!!!!!.wav,820.05,820.75,มึง,0.6941456,มึง
C:\Users\muldi\Documents\Playground\University\senior-project-1\dataset\internet\clear\Horror movie for WOKE!!!!!.wav,824.95,825.65,มึง,0.5220712,มึง
C:\Users\muldi\Documents\Playground\University\senior-project-1\dataset\internet\clear\Horror movie for WOKE!!!!!.wav,833.0,834.4,มึง,0.73985165,none
C:\Users\muldi\Documents\Playground\University\senior-project-1\dataset\internet\clear\Horror movie for WOKE!!!!!.wav,834.75,835.8,มึง,0.64910495,none
C:\Users\muldi\Documents\Playground\University\senior-project-1\dataset\internet\clear\Horror movie for WOKE!!!!!.wav,857.15,857.85,มึง,0.6793837,มึง
C:\Users\muldi\Documents\Playground\University\senior-project-1\dataset\internet\clear\Horror movie for WOKE!!!!!.wav,871.5,872.2,มึง,0.7569025,มึง
C:\Users\muldi\Documents\Playground\University\senior-project-1\dataset\internet\clear\Horror movie for WOKE!!!!!.wav,873.25,875.0,มึง,0.8190916,none
C:\Users\muldi\Documents\Playground\University\senior-project-1\dataset\internet\clear\Horror movie for WOKE!!!!!.wav,878.5,879.2,มึง,0.6128304,มึง
C:\Users\muldi\Documents\Playground\University\senior-project-1\dataset\internet\clear\Horror movie for WOKE!!!!!.wav,888.65,889.35,มึง,0.7944875,none
C:\Users\muldi\Documents\Playground\University\senior-project-1\dataset\internet\clear\Horror movie for WOKE!!!!!.wav,892.15,892.85,มึง,0.76802546,none
C:\Users\muldi\Documents\Playground\University\senior-project-1\dataset\internet\clear\Horror movie for WOKE!!!!!.wav,904.4,905.45,มึง,0.86122864,none
C:\Users\muldi\Documents\Playground\University\senior-project-1\dataset\internet\clear\Horror movie for WOKE!!!!!.wav,926.8,928.55,มึง,0.7889384,none
C:\Users\muldi\Documents\Playground\University\senior-project-1\dataset\internet\clear\Horror movie for WOKE!!!!!.wav,954.45,955.15,มึง,0.8301031,none
C:\Users\muldi\Documents\Playground\University\senior-project-1\dataset\internet\clear\Horror movie for WOKE!!!!!.wav,955.5,956.2,มึง,0.7054345,none
C:\Users\muldi\Documents\Playground\University\senior-project-1\dataset\internet\clear\Horror movie for WOKE!!!!!.wav,956.55,957.25,มึง,0.54532164,none
C:\Users\muldi\Documents\Playground\University\senior-project-1\dataset\internet\clear\Horror movie for WOKE!!!!!.wav,974.75,975.45,มึง,0.6077275,none
C:\Users\muldi\Documents\Playground\University\senior-project-1\dataset\internet\clear\Horror movie for WOKE!!!!!.wav,976.5,977.2,มึง,0.66433823,none
C:\Users\muldi\Documents\Playground\University\senior-project-1\dataset\internet\clear\Horror movie for WOKE!!!!!.wav,983.15,983.85,มึง,0.8544123,มึง
C:\Users\muldi\Documents\Playground\University\senior-project-1\dataset\internet\clear\Horror movie for WOKE!!!!!.wav,985.25,985.95,มึง,0.5624779,มึง
C:\Users\muldi\Documents\Playground\University\senior-project-1\dataset\internet\clear\Horror movie for WOKE!!!!!.wav,1001.7,1003.1,มึง,0.58595777,none
C:\Users\muldi\Documents\Playground\University\senior-project-1\dataset\internet\clear\Horror movie for WOKE!!!!!.wav,1009.4,1010.45,มึง,0.60966814,none
C:\Users\muldi\Documents\Playground\University\senior-project-1\dataset\internet\clear\Horror movie for WOKE!!!!!.wav,1019.2,1019.9,มึง,0.8220573,มึง
C:\Users\muldi\Documents\Playground\University\senior-project-1\dataset\internet\clear\Horror movie for WOKE!!!!!.wav,1033.2,1034.6,มึง,0.90248615,none
C:\Users\muldi\Documents\Playground\University\senior-project-1\dataset\internet\clear\Horror movie for WOKE!!!!!.wav,1040.55,1041.6,มึง,0.6371896,none
C:\Users\muldi\Documents\Playground\University\senior-project-1\dataset\internet\clear\Horror movie for WOKE!!!!!.wav,1077.3,1078.0,มึง,0.8002268,none
C:\Users\muldi\Documents\Playground\University\senior-project-1\dataset\internet\clear\Horror movie for WOKE!!!!!.wav,1086.05,1086.75,มึง,0.7184296,none
C:\Users\muldi\Documents\Playground\University\senior-project-1\dataset\internet\clear\Horror movie for WOKE!!!!!.wav,1090.6,1091.65,มึง,0.72857964,none
C:\Users\muldi\Documents\Playground\University\senior-project-1\dataset\internet\clear\Horror movie for WOKE!!!!!.wav,1104.25,1104.95,มึง,0.52916324,none
C:\Users\muldi\Documents\Playground\University\senior-project-1\dataset\internet\clear\Horror movie for WOKE!!!!!.wav,44.8,45.5,เย็ด,0.87921435,none
C:\Users\muldi\Documents\Playground\University\senior-project-1\dataset\internet\clear\Horror movie for WOKE!!!!!.wav,45.85,47.6,เย็ด,0.9441085,none
C:\Users\muldi\Documents\Playground\University\senior-project-1\dataset\internet\clear\Horror movie for WOKE!!!!!.wav,75.25,75.95,เย็ด,0.71579003,none
C:\Users\muldi\Documents\Playground\University\senior-project-1\dataset\internet\clear\Horror movie for WOKE!!!!!.wav,80.15,80.85,เย็ด,0.78071904,none
C:\Users\muldi\Documents\Playground\University\senior-project-1\dataset\internet\clear\Horror movie for WOKE!!!!!.wav,110.6,111.3,เย็ด,0.7254667,none
C:\Users\muldi\Documents\Playground\University\senior-project-1\dataset\internet\clear\Horror movie for WOKE!!!!!.wav,150.15,151.2,เย็ด,0.9433963,none
C:\Users\muldi\Documents\Playground\University\senior-project-1\dataset\internet\clear\Horror movie for WOKE!!!!!.wav,225.05,225.75,เย็ด,0.78455764,none
C:\Users\muldi\Documents\Playground\University\senior-project-1\dataset\internet\clear\Horror movie for WOKE!!!!!.wav,235.2,235.9,เย็ด,0.9292233,none
C:\Users\muldi\Documents\Playground\University\senior-project-1\dataset\internet\clear\Horror movie for WOKE!!!!!.wav,238.0,238.7,เย็ด,0.5502601,none
C:\Users\muldi\Documents\Playground\University\senior-project-1\dataset\internet\clear\Horror movie for WOKE!!!!!.wav,242.55,244.3,เย็ด,0.9495755,none
C:\Users\muldi\Documents\Playground\University\senior-project-1\dataset\internet\clear\Horror movie for WOKE!!!!!.wav,244.65,245.7,เย็ด,0.8625833,none
C:\Users\muldi\Documents\Playground\University\senior-project-1\dataset\internet\clear\Horror movie for WOKE!!!!!.wav,246.75,247.45,เย็ด,0.79692227,none
C:\Users\muldi\Documents\Playground\University\senior-project-1\dataset\internet\clear\Horror movie for WOKE!!!!!.wav,254.1,254.8,เย็ด,0.9304575,none
C:\Users\muldi\Documents\Playground\University\senior-project-1\dataset\internet\clear\Horror movie for WOKE!!!!!.wav,310.8,311.85,เย็ด,0.87582135,none
C:\Users\muldi\Documents\Playground\University\senior-project-1\dataset\internet\clear\Horror movie for WOKE!!!!!.wav,330.4,331.1,เย็ด,0.5860515,none
C:\Users\muldi\Documents\Playground\University\senior-project-1\dataset\internet\clear\Horror movie for WOKE!!!!!.wav,357.7,358.4,เย็ด,0.640676,none
C:\Users\muldi\Documents\Playground\University\senior-project-1\dataset\internet\clear\Horror movie for WOKE!!!!!.wav,380.45,381.15,เย็ด,0.5486861,none
C:\Users\muldi\Documents\Playground\University\senior-project-1\dataset\internet\clear\Horror movie for WOKE!!!!!.wav,391.65,392.35,เย็ด,0.61701804,none
C:\Users\muldi\Documents\Playground\University\senior-project-1\dataset\internet\clear\Horror movie for WOKE!!!!!.wav,450.45,451.15,เย็ด,0.66891354,none
C:\Users\muldi\Documents\Playground\University\senior-project-1\dataset\internet\clear\Horror movie for WOKE!!!!!.wav,482.65,483.35,เย็ด,0.7899941,none
C:\Users\muldi\Documents\Playground\University\senior-project-1\dataset\internet\clear\Horror movie for WOKE!!!!!.wav,518.0,518.7,เย็ด,0.8505083,มึง
C:\Users\muldi\Documents\Playground\University\senior-project-1\dataset\internet\clear\Horror movie for WOKE!!!!!.wav,595.0,595.7,เย็ด,0.62106967,none
C:\Users\muldi\Documents\Playground\University\senior-project-1\dataset\internet\clear\Horror movie for WOKE!!!!!.wav,602.35,603.05,เย็ด,0.5450669,none
C:\Users\muldi\Documents\Playground\University\senior-project-1\dataset\internet\clear\Horror movie for WOKE!!!!!.wav,690.9,692.3,เย็ด,0.8956222,none
C:\Users\muldi\Documents\Playground\University\senior-project-1\dataset\internet\clear\Horror movie for WOKE!!!!!.wav,693.0,696.15,เย็ด,0.9427128,none
C:\Users\muldi\Documents\Playground\University\senior-project-1\dataset\internet\clear\Horror movie for WOKE!!!!!.wav,697.9,699.65,เย็ด,0.9074545,none
C:\Users\muldi\Documents\Playground\University\senior-project-1\dataset\internet\clear\Horror movie for WOKE!!!!!.wav,704.9,706.3,เย็ด,0.9437665,none
C:\Users\muldi\Documents\Playground\University\senior-project-1\dataset\internet\clear\Horror movie for WOKE!!!!!.wav,708.05,708.75,เย็ด,0.925742,none
C:\Users\muldi\Documents\Playground\University\senior-project-1\dataset\internet\clear\Horror movie for WOKE!!!!!.wav,709.1,709.8,เย็ด,0.58517295,none
C:\Users\muldi\Documents\Playground\University\senior-project-1\dataset\internet\clear\Horror movie for WOKE!!!!!.wav,739.55,740.25,เย็ด,0.94256,none
C:\Users\muldi\Documents\Playground\University\senior-project-1\dataset\internet\clear\Horror movie for WOKE!!!!!.wav,742.0,742.7,เย็ด,0.91665393,none
C:\Users\muldi\Documents\Playground\University\senior-project-1\dataset\internet\clear\Horror movie for WOKE!!!!!.wav,743.05,743.75,เย็ด,0.5136758,none
C:\Users\muldi\Documents\Playground\University\senior-project-1\dataset\internet\clear\Horror movie for WOKE!!!!!.wav,750.75,751.8,เย็ด,0.93901104,none
C:\Users\muldi\Documents\Playground\University\senior-project-1\dataset\internet\clear\Horror movie for WOKE!!!!!.wav,754.25,754.95,เย็ด,0.7621722,none
C:\Users\muldi\Documents\Playground\University\senior-project-1\dataset\internet\clear\Horror movie for WOKE!!!!!.wav,755.65,756.35,เย็ด,0.93960875,none
C:\Users\muldi\Documents\Playground\University\senior-project-1\dataset\internet\clear\Horror movie for WOKE!!!!!.wav,779.1,779.8,เย็ด,0.787813,none
C:\Users\muldi\Documents\Playground\University\senior-project-1\dataset\internet\clear\Horror movie for WOKE!!!!!.wav,781.2,781.9,เย็ด,0.5559379,none
C:\Users\muldi\Documents\Playground\University\senior-project-1\dataset\internet\clear\Horror movie for WOKE!!!!!.wav,786.8,787.5,เย็ด,0.6311234,none
C:\Users\muldi\Documents\Playground\University\senior-project-1\dataset\internet\clear\Horror movie for WOKE!!!!!.wav,818.3,819.0,เย็ด,0.54108906,none
C:\Users\muldi\Documents\Playground\University\senior-project-1\dataset\internet\clear\Horror movie for WOKE!!!!!.wav,822.85,823.55,เย็ด,0.6524972,none
C:\Users\muldi\Documents\Playground\University\senior-project-1\dataset\internet\clear\Horror movie for WOKE!!!!!.wav,860.65,861.35,เย็ด,0.9562751,มึง
C:\Users\muldi\Documents\Playground\University\senior-project-1\dataset\internet\clear\Horror movie for WOKE!!!!!.wav,869.4,870.1,เย็ด,0.5077125,none
C:\Users\muldi\Documents\Playground\University\senior-project-1\dataset\internet\clear\Horror movie for WOKE!!!!!.wav,872.2,872.9,เย็ด,0.69537586,none
C:\Users\muldi\Documents\Playground\University\senior-project-1\dataset\internet\clear\Horror movie for WOKE!!!!!.wav,906.5,907.2,เย็ด,0.8938695,none
C:\Users\muldi\Documents\Playground\University\senior-project-1\dataset\internet\clear\Horror movie for WOKE!!!!!.wav,909.65,910.35,เย็ด,0.5570887,none
C:\Users\muldi\Documents\Playground\University\senior-project-1\dataset\internet\clear\Horror movie for WOKE!!!!!.wav,912.1,912.8,เย็ด,0.83308893,none
C:\Users\muldi\Documents\Playground\University\senior-project-1\dataset\internet\clear\Horror movie for WOKE!!!!!.wav,991.2,991.9,เย็ด,0.92391413,เหี้ย
C:\Users\muldi\Documents\Playground\University\senior-project-1\dataset\internet\clear\Horror movie for WOKE!!!!!.wav,993.3,994.35,เย็ด,0.9392582,none
C:\Users\muldi\Documents\Playground\University\senior-project-1\dataset\internet\clear\Horror movie for WOKE!!!!!.wav,1036.0,1036.7,เย็ด,0.9188395,none
C:\Users\muldi\Documents\Playground\University\senior-project-1\dataset\internet\clear\Horror movie for WOKE!!!!!.wav,11.2,12.25,เหี้ย,0.59375596,none
C:\Users\muldi\Documents\Playground\University\senior-project-1\dataset\internet\clear\Horror movie for WOKE!!!!!.wav,14.35,15.05,เหี้ย,0.5613735,none
C:\Users\muldi\Documents\Playground\University\senior-project-1\dataset\internet\clear\Horror movie for WOKE!!!!!.wav,16.8,17.5,เหี้ย,0.5198806,none
C:\Users\muldi\Documents\Playground\University\senior-project-1\dataset\internet\clear\Horror movie for WOKE!!!!!.wav,23.8,24.5,เหี้ย,0.76825464,none
C:\Users\muldi\Documents\Playground\University\senior-project-1\dataset\internet\clear\Horror movie for WOKE!!!!!.wav,32.55,33.6,เหี้ย,0.91885,เหี้ย
C:\Users\muldi\Documents\Playground\University\senior-project-1\dataset\internet\clear\Horror movie for WOKE!!!!!.wav,35.35,36.4,เหี้ย,0.9114362,none
C:\Users\muldi\Documents\Playground\University\senior-project-1\dataset\internet\clear\Horror movie for WOKE!!!!!.wav,42.0,46.2,เหี้ย,0.962308,none
C:\Users\muldi\Documents\Playground\University\senior-project-1\dataset\internet\clear\Horror movie for WOKE!!!!!.wav,47.25,47.95,เหี้ย,0.9526876,none
C:\Users\muldi\Documents\Playground\University\senior-project-1\dataset\internet\clear\Horror movie for WOKE!!!!!.wav,48.65,50.05,เหี้ย,0.9112264,none
C:\Users\muldi\Documents\Playground\University\senior-project-1\dataset\internet\clear\Horror movie for WOKE!!!!!.wav,81.2,81.9,เหี้ย,0.8338342,เหี้ย
C:\Users\muldi\Documents\Playground\University\senior-project-1\dataset\internet\clear\Horror movie for WOKE!!!!!.wav,88.2,88.9,เหี้ย,0.5063339,none
C:\Users\muldi\Documents\Playground\University\senior-project-1\dataset\internet\clear\Horror movie for WOKE!!!!!.wav,89.25,89.95,เหี้ย,0.7360094,none
C:\Users\muldi\Documents\Playground\University\senior-project-1\dataset\internet\clear\Horror movie for WOKE!!!!!.wav,96.25,97.3,เหี้ย,0.5530844,none
C:\Users\muldi\Documents\Playground\University\senior-project-1\dataset\internet\clear\Horror movie for WOKE!!!!!.wav,97.65,98.7,เหี้ย,0.91775143,เหี้ย
C:\Users\muldi\Documents\Playground\University\senior-project-1\dataset\internet\clear\Horror movie for WOKE!!!!!.wav,99.75,100.45,เหี้ย,0.6807023,none
C:\Users\muldi\Documents\Playground\University\senior-project-1\dataset\internet\clear\Horror movie for WOKE!!!!!.wav,108.5,109.55,เหี้ย,0.79546297,none
C:\Users\muldi\Documents\Playground\University\senior-project-1\dataset\internet\clear\Horror movie for WOKE!!!!!.wav,111.3,112.0,เหี้ย,0.82032233,เหี้ย
C:\Users\muldi\Documents\Playground\University\senior-project-1\dataset\internet\clear\Horror movie for WOKE!!!!!.wav,120.4,121.1,เหี้ย,0.82081234,none
C:\Users\muldi\Documents\Playground\University\senior-project-1\dataset\internet\clear\Horror movie for WOKE!!!!!.wav,122.5,123.2,เหี้ย,0.7335154,none
C:\Users\muldi\Documents\Playground\University\senior-project-1\dataset\internet\clear\Horror movie for WOKE!!!!!.wav,145.6,149.1,เหี้ย,0.960107,none
C:\Users\muldi\Documents\Playground\University\senior-project-1\dataset\internet\clear\Horror movie for WOKE!!!!!.wav,152.25,153.65,เหี้ย,0.6498888,เย็ด
C:\Users\muldi\Documents\Playground\University\senior-project-1\dataset\internet\clear\Horror movie for WOKE!!!!!.wav,178.5,179.55,เหี้ย,0.66063154,none
C:\Users\muldi\Documents\Playground\University\senior-project-1\dataset\internet\clear\Horror movie for WOKE!!!!!.wav,184.8,185.5,เหี้ย,0.8327612,none
C:\Users\muldi\Documents\Playground\University\senior-project-1\dataset\internet\clear\Horror movie for WOKE!!!!!.wav,191.8,192.85,เหี้ย,0.8367528,none
C:\Users\muldi\Documents\Playground\University\senior-project-1\dataset\internet\clear\Horror movie for WOKE!!!!!.wav,194.95,195.65,เหี้ย,0.669246,none
C:\Users\muldi\Documents\Playground\University\senior-project-1\dataset\internet\clear\Horror movie for WOKE!!!!!.wav,199.15,200.2,เหี้ย,0.5652169,none
C:\Users\muldi\Documents\Playground\University\senior-project-1\dataset\internet\clear\Horror movie for WOKE!!!!!.wav,201.95,203.0,เหี้ย,0.6879239,none
C:\Users\muldi\Documents\Playground\University\senior-project-1\dataset\internet\clear\Horror movie for WOKE!!!!!.wav,212.1,212.8,เหี้ย,0.5331715,none
C:\Users\muldi\Documents\Playground\University\senior-project-1\dataset\internet\clear\Horror movie for WOKE!!!!!.wav,221.9,222.6,เหี้ย,0.76555115,none
C:\Users\muldi\Documents\Playground\University\senior-project-1\dataset\internet\clear\Horror movie for WOKE!!!!!.wav,233.45,235.2,เหี้ย,0.939979,เหี้ย
C:\Users\muldi\Documents\Playground\University\senior-project-1\dataset\internet\clear\Horror movie for WOKE!!!!!.wav,237.3,238.0,เหี้ย,0.5836164,none
C:\Users\muldi\Documents\Playground\University\senior-project-1\dataset\internet\clear\Horror movie for WOKE!!!!!.wav,238.7,239.75,เหี้ย,0.9388037,none
C:\Users\muldi\Documents\Playground\University\senior-project-1\dataset\internet\clear\Horror movie for WOKE!!!!!.wav,240.45,241.5,เหี้ย,0.96551317,none
C:\Users\muldi\Documents\Playground\University\senior-project-1\dataset\internet\clear\Horror movie for WOKE!!!!!.wav,250.6,251.65,เหี้ย,0.95845294,เหี้ย
C:\Users\muldi\Documents\Playground\University\senior-project-1\dataset\internet\clear\Horror movie for WOKE!!!!!.wav,261.1,261.8,เหี้ย,0.55327237,none
C:\Users\muldi\Documents\Playground\University\senior-project-1\dataset\internet\clear\Horror movie for WOKE!!!!!.wav,289.1,289.8,เหี้ย,0.6751508,none
C:\Users\muldi\Documents\Playground\University\senior-project-1\dataset\internet\clear\Horror movie for WOKE!!!!!.wav,291.2,291.9,เหี้ย,0.4893113,none
C:\Users\muldi\Documents\Playground\University\senior-project-1\dataset\internet\clear\Horror movie for WOKE!!!!!.wav,309.4,310.1,เหี้ย,0.5386118,none
C:\Users\muldi\Documents\Playground\University\senior-project-1\dataset\internet\clear\Horror movie for WOKE!!!!!.wav,337.75,338.8,เหี้ย,0.7134308,none
C:\Users\muldi\Documents\Playground\University\senior-project-1\dataset\internet\clear\Horror movie for WOKE!!!!!.wav,374.85,375.9,เหี้ย,0.7395277,none
C:\Users\muldi\Documents\Playground\University\senior-project-1\dataset\internet\clear\Horror movie for WOKE!!!!!.wav,376.6,377.3,เหี้ย,0.6274742,none
C:\Users\muldi\Documents\Playground\University\senior-project-1\dataset\internet\clear\Horror movie for WOKE!!!!!.wav,381.85,383.25,เหี้ย,0.91681564,none
C:\Users\muldi\Documents\Playground\University\senior-project-1\dataset\internet\clear\Horror movie for WOKE!!!!!.wav,386.4,387.1,เหี้ย,0.6654117,none
C:\Users\muldi\Documents\Playground\University\senior-project-1\dataset\internet\clear\Horror movie for WOKE!!!!!.wav,388.5,389.2,เหี้ย,0.52131957,none
C:\Users\muldi\Documents\Playground\University\senior-project-1\dataset\internet\clear\Horror movie for WOKE!!!!!.wav,392.0,393.4,เหี้ย,0.71887374,none
C:\Users\muldi\Documents\Playground\University\senior-project-1\dataset\internet\clear\Horror movie for WOKE!!!!!.wav,399.35,400.05,เหี้ย,0.6539519,none
C:\Users\muldi\Documents\Playground\University\senior-project-1\dataset\internet\clear\Horror movie for WOKE!!!!!.wav,420.7,421.4,เหี้ย,0.7788451,none
C:\Users\muldi\Documents\Playground\University\senior-project-1\dataset\internet\clear\Horror movie for WOKE!!!!!.wav,430.85,431.55,เหี้ย,0.5536943,none
C:\Users\muldi\Documents\Playground\University\senior-project-1\dataset\internet\clear\Horror movie for WOKE!!!!!.wav,443.1,443.8,เหี้ย,0.584507,none
C:\Users\muldi\Documents\Playground\University\senior-project-1\dataset\internet\clear\Horror movie for WOKE!!!!!.wav,452.2,453.25,เหี้ย,0.9086087,none
C:\Users\muldi\Documents\Playground\University\senior-project-1\dataset\internet\clear\Horror movie for WOKE!!!!!.wav,458.15,459.2,เหี้ย,0.94624984,เหี้ย
C:\Users\muldi\Documents\Playground\University\senior-project-1\dataset\internet\clear\Horror movie for WOKE!!!!!.wav,464.45,465.5,เหี้ย,0.74875915,เหี้ย
C:\Users\muldi\Documents\Playground\University\senior-project-1\dataset\internet\clear\Horror movie for WOKE!!!!!.wav,475.65,476.35,เหี้ย,0.85280675,เหี้ย
C:\Users\muldi\Documents\Playground\University\senior-project-1\dataset\internet\clear\Horror movie for WOKE!!!!!.wav,481.25,481.95,เหี้ย,0.670348,none
C:\Users\muldi\Documents\Playground\University\senior-project-1\dataset\internet\clear\Horror movie for WOKE!!!!!.wav,500.85,501.55,เหี้ย,0.5466808,none
C:\Users\muldi\Documents\Playground\University\senior-project-1\dataset\internet\clear\Horror movie for WOKE!!!!!.wav,507.15,508.2,เหี้ย,0.69930637,none
C:\Users\muldi\Documents\Playground\University\senior-project-1\dataset\internet\clear\Horror movie for WOKE!!!!!.wav,510.65,511.35,เหี้ย,0.65078014,none
C:\Users\muldi\Documents\Playground\University\senior-project-1\dataset\internet\clear\Horror movie for WOKE!!!!!.wav,516.95,518.0,เหี้ย,0.6893836,เหี้ย
C:\Users\muldi\Documents\Playground\University\senior-project-1\dataset\internet\clear\Horror movie for WOKE!!!!!.wav,522.55,523.25,เหี้ย,0.6355433,none
C:\Users\muldi\Documents\Playground\University\senior-project-1\dataset\internet\clear\Horror movie for WOKE!!!!!.wav,527.1,528.15,เหี้ย,0.78757566,none
C:\Users\muldi\Documents\Playground\University\senior-project-1\dataset\internet\clear\Horror movie for WOKE!!!!!.wav,551.25,551.95,เหี้ย,0.56445116,none
C:\Users\muldi\Documents\Playground\University\senior-project-1\dataset\internet\clear\Horror movie for WOKE!!!!!.wav,560.0,562.45,เหี้ย,0.7978864,none
C:\Users\muldi\Documents\Playground\University\senior-project-1\dataset\internet\clear\Horror movie for WOKE!!!!!.wav,564.2,565.25,เหี้ย,0.9284755,none
C:\Users\muldi\Documents\Playground\University\senior-project-1\dataset\internet\clear\Horror movie for WOKE!!!!!.wav,567.0,567.7,เหี้ย,0.78686565,none
C:\Users\muldi\Documents\Playground\University\senior-project-1\dataset\internet\clear\Horror movie for WOKE!!!!!.wav,577.85,578.9,เหี้ย,0.8346627,เหี้ย
C:\Users\muldi\Documents\Playground\University\senior-project-1\dataset\internet\clear\Horror movie for WOKE!!!!!.wav,609.7,610.4,เหี้ย,0.9213,มึง
C:\Users\muldi\Documents\Playground\University\senior-project-1\dataset\internet\clear\Horror movie for WOKE!!!!!.wav,611.8,612.5,เหี้ย,0.55036813,none
C:\Users\muldi\Documents\Playground\University\senior-project-1\dataset\internet\clear\Horror movie for WOKE!!!!!.wav,613.9,615.65,เหี้ย,0.91506225,none
C:\Users\muldi\Documents\Playground\University\senior-project-1\dataset\internet\clear\Horror movie for WOKE!!!!!.wav,631.4,632.1,เหี้ย,0.6949093,none
C:\Users\muldi\Documents\Playground\University\senior-project-1\dataset\internet\clear\Horror movie for WOKE!!!!!.wav,638.75,639.45,เหี้ย,0.5784727,none
C:\Users\muldi\Documents\Playground\University\senior-project-1\dataset\internet\clear\Horror movie for WOKE!!!!!.wav,648.9,649.6,เหี้ย,0.52695125,none
C:\Users\muldi\Documents\Playground\University\senior-project-1\dataset\internet\clear\Horror movie for WOKE!!!!!.wav,655.2,655.9,เหี้ย,0.6028273,none
C:\Users\muldi\Documents\Playground\University\senior-project-1\dataset\internet\clear\Horror movie for WOKE!!!!!.wav,658.0,658.7,เหี้ย,0.5440921,none
C:\Users\muldi\Documents\Playground\University\senior-project-1\dataset\internet\clear\Horror movie for WOKE!!!!!.wav,665.35,666.4,เหี้ย,0.78704643,เหี้ย
C:\Users\muldi\Documents\Playground\University\senior-project-1\dataset\internet\clear\Horror movie for WOKE!!!!!.wav,670.25,671.3,เหี้ย,0.9365814,เหี้ย
C:\Users\muldi\Documents\Playground\University\senior-project-1\dataset\internet\clear\Horror movie for WOKE!!!!!.wav,687.75,688.45,เหี้ย,0.8225352,none
C:\Users\muldi\Documents\Playground\University\senior-project-1\dataset\internet\clear\Horror movie for WOKE!!!!!.wav,689.85,691.25,เหี้ย,0.7859865,none
C:\Users\muldi\Documents\Playground\University\senior-project-1\dataset\internet\clear\Horror movie for WOKE!!!!!.wav,693.35,694.05,เหี้ย,0.58098996,none
C:\Users\muldi\Documents\Playground\University\senior-project-1\dataset\internet\clear\Horror movie for WOKE!!!!!.wav,722.75,723.45,เหี้ย,0.6057684,none
C:\Users\muldi\Documents\Playground\University\senior-project-1\dataset\internet\clear\Horror movie for WOKE!!!!!.wav,731.5,732.55,เหี้ย,0.9490064,เหี้ย
C:\Users\muldi\Documents\Playground\University\senior-project-1\dataset\internet\clear\Horror movie for WOKE!!!!!.wav,733.25,733.95,เหี้ย,0.6242605,none
C:\Users\muldi\Documents\Playground\University\senior-project-1\dataset\internet\clear\Horror movie for WOKE!!!!!.wav,738.85,739.55,เหี้ย,0.5750218,none
C:\Users\muldi\Documents\Playground\University\senior-project-1\dataset\internet\clear\Horror movie for WOKE!!!!!.wav,744.45,745.15,เหี้ย,0.95060736,none
C:\Users\muldi\Documents\Playground\University\senior-project-1\dataset\internet\clear\Horror movie for WOKE!!!!!.wav,751.8,753.2,เหี้ย,0.88683224,none
C:\Users\muldi\Documents\Playground\University\senior-project-1\dataset\internet\clear\Horror movie for WOKE!!!!!.wav,756.0,757.4,เหี้ย,0.63587135,none
C:\Users\muldi\Documents\Playground\University\senior-project-1\dataset\internet\clear\Horror movie for WOKE!!!!!.wav,773.5,774.2,เหี้ย,0.6771452,none
C:\Users\muldi\Documents\Playground\University\senior-project-1\dataset\internet\clear\Horror movie for WOKE!!!!!.wav,774.9,776.65,เหี้ย,0.82022357,none
C:\Users\muldi\Documents\Playground\University\senior-project-1\dataset\internet\clear\Horror movie for WOKE!!!!!.wav,777.0,778.05,เหี้ย,0.92855906,none
C:\Users\muldi\Documents\Playground\University\senior-project-1\dataset\internet\clear\Horror movie for WOKE!!!!!.wav,787.15,788.2,เหี้ย,0.8707973,none
C:\Users\muldi\Documents\Playground\University\senior-project-1\dataset\internet\clear\Horror movie for WOKE!!!!!.wav,794.5,795.55,เหี้ย,0.8525116,none
C:\Users\muldi\Documents\Playground\University\senior-project-1\dataset\internet\clear\Horror movie for WOKE!!!!!.wav,807.45,808.5,เหี้ย,0.776969,none
C:\Users\muldi\Documents\Playground\University\senior-project-1\dataset\internet\clear\Horror movie for WOKE!!!!!.wav,823.2,823.9,เหี้ย,0.4912979,none
C:\Users\muldi\Documents\Playground\University\senior-project-1\dataset\internet\clear\Horror movie for WOKE!!!!!.wav,844.2,845.25,เหี้ย,0.92702556,none
C:\Users\muldi\Documents\Playground\University\senior-project-1\dataset\internet\clear\Horror movie for WOKE!!!!!.wav,857.85,858.55,เหี้ย,0.6609802,กู
C:\Users\muldi\Documents\Playground\University\senior-project-1\dataset\internet\clear\Horror movie for WOKE!!!!!.wav,866.25,866.95,เหี้ย,0.559166,none
C:\Users\muldi\Documents\Playground\University\senior-project-1\dataset\internet\clear\Horror movie for WOKE!!!!!.wav,893.9,894.6,เหี้ย,0.5359609,none
C:\Users\muldi\Documents\Playground\University\senior-project-1\dataset\internet\clear\Horror movie for WOKE!!!!!.wav,895.3,896.0,เหี้ย,0.79512614,เหี้ย
C:\Users\muldi\Documents\Playground\University\senior-project-1\dataset\internet\clear\Horror movie for WOKE!!!!!.wav,904.05,904.75,เหี้ย,0.49556506,none
C:\Users\muldi\Documents\Playground\University\senior-project-1\dataset\internet\clear\Horror movie for WOKE!!!!!.wav,905.8,906.5,เหี้ย,0.6934217,none
C:\Users\muldi\Documents\Playground\University\senior-project-1\dataset\internet\clear\Horror movie for WOKE!!!!!.wav,908.95,909.65,เหี้ย,0.5715121,none
C:\Users\muldi\Documents\Playground\University\senior-project-1\dataset\internet\clear\Horror movie for WOKE!!!!!.wav,922.95,923.65,เหี้ย,0.48417696,none
C:\Users\muldi\Documents\Playground\University\senior-project-1\dataset\internet\clear\Horror movie for WOKE!!!!!.wav,948.85,949.55,เหี้ย,0.60496724,none
C:\Users\muldi\Documents\Playground\University\senior-project-1\dataset\internet\clear\Horror movie for WOKE!!!!!.wav,955.15,955.85,เหี้ย,0.5362777,none
C:\Users\muldi\Documents\Playground\University\senior-project-1\dataset\internet\clear\Horror movie for WOKE!!!!!.wav,965.65,966.35,เหี้ย,0.48553193,none
C:\Users\muldi\Documents\Playground\University\senior-project-1\dataset\internet\clear\Horror movie for WOKE!!!!!.wav,967.05,967.75,เหี้ย,0.62912065,none
C:\Users\muldi\Documents\Playground\University\senior-project-1\dataset\internet\clear\Horror movie for WOKE!!!!!.wav,968.1,968.8,เหี้ย,0.93468225,none
C:\Users\muldi\Documents\Playground\University\senior-project-1\dataset\internet\clear\Horror movie for WOKE!!!!!.wav,970.2,970.9,เหี้ย,0.63688445,none
C:\Users\muldi\Documents\Playground\University\senior-project-1\dataset\internet\clear\Horror movie for WOKE!!!!!.wav,981.4,982.45,เหี้ย,0.87804717,none
C:\Users\muldi\Documents\Playground\University\senior-project-1\dataset\internet\clear\Horror movie for WOKE!!!!!.wav,992.25,992.95,เหี้ย,0.91590977,none
C:\Users\muldi\Documents\Playground\University\senior-project-1\dataset\internet\clear\Horror movie for WOKE!!!!!.wav,994.35,995.05,เหี้ย,0.50822145,none
C:\Users\muldi\Documents\Playground\University\senior-project-1\dataset\internet\clear\Horror movie for WOKE!!!!!.wav,1007.65,1008.7,เหี้ย,0.96125686,none
C:\Users\muldi\Documents\Playground\University\senior-project-1\dataset\internet\clear\Horror movie for WOKE!!!!!.wav,1013.25,1014.65,เหี้ย,0.84735006,none
C:\Users\muldi\Documents\Playground\University\senior-project-1\dataset\internet\clear\Horror movie for WOKE!!!!!.wav,1017.45,1018.15,เหี้ย,0.8883437,none
C:\Users\muldi\Documents\Playground\University\senior-project-1\dataset\internet\clear\Horror movie for WOKE!!!!!.wav,1020.95,1022.35,เหี้ย,0.93322664,เหี้ย
C:\Users\muldi\Documents\Playground\University\senior-project-1\dataset\internet\clear\Horror movie for WOKE!!!!!.wav,1034.25,1037.05,เหี้ย,0.8777261,none
C:\Users\muldi\Documents\Playground\University\senior-project-1\dataset\internet\clear\Horror movie for WOKE!!!!!.wav,1043.35,1044.05,เหี้ย,0.626953,none
C:\Users\muldi\Documents\Playground\University\senior-project-1\dataset\internet\clear\Horror movie for WOKE!!!!!.wav,1045.8,1046.5,เหี้ย,0.60891074,none
C:\Users\muldi\Documents\Playground\University\senior-project-1\dataset\internet\clear\Horror movie for WOKE!!!!!.wav,1047.2,1048.25,เหี้ย,0.69124526,none
C:\Users\muldi\Documents\Playground\University\senior-project-1\dataset\internet\clear\Horror movie for WOKE!!!!!.wav,1055.25,1056.3,เหี้ย,0.9166382,เหี้ย
C:\Users\muldi\Documents\Playground\University\senior-project-1\dataset\internet\clear\Horror movie for WOKE!!!!!.wav,1057.7,1058.4,เหี้ย,0.5790955,none
C:\Users\muldi\Documents\Playground\University\senior-project-1\dataset\internet\clear\Horror movie for WOKE!!!!!.wav,1063.3,1064.0,เหี้ย,0.5801055,เหี้ย
C:\Users\muldi\Documents\Playground\University\senior-project-1\dataset\internet\clear\Horror movie for WOKE!!!!!.wav,1066.1,1066.8,เหี้ย,0.65223724,none
C:\Users\muldi\Documents\Playground\University\senior-project-1\dataset\internet\clear\Horror movie for WOKE!!!!!.wav,1078.7,1079.4,เหี้ย,0.54020995,none
C:\Users\muldi\Documents\Playground\University\senior-project-1\dataset\internet\clear\Yo mama & แซนวิชบลูเบอร์รี่.wav,1.75,2.45,กู,0.74473375,none
C:\Users\muldi\Documents\Playground\University\senior-project-1\dataset\internet\clear\Yo mama & แซนวิชบลูเบอร์รี่.wav,5.95,6.65,กู,0.5526304,none
C:\Users\muldi\Documents\Playground\University\senior-project-1\dataset\internet\clear\Yo mama & แซนวิชบลูเบอร์รี่.wav,35.0,36.05,กู,0.82354146,none
C:\Users\muldi\Documents\Playground\University\senior-project-1\dataset\internet\clear\Yo mama & แซนวิชบลูเบอร์รี่.wav,37.1,37.8,กู,0.81174487,none
C:\Users\muldi\Documents\Playground\University\senior-project-1\dataset\internet\clear\Yo mama & แซนวิชบลูเบอร์รี่.wav,54.95,55.65,กู,0.7816332,none
C:\Users\muldi\Documents\Playground\University\senior-project-1\dataset\internet\clear\Yo mama & แซนวิชบลูเบอร์รี่.wav,97.65,98.35,กู,0.67539513,none
C:\Users\muldi\Documents\Playground\University\senior-project-1\dataset\internet\clear\Yo mama & แซนวิชบลูเบอร์รี่.wav,130.55,131.6,กู,0.8392134,none
C:\Users\muldi\Documents\Playground\University\senior-project-1\dataset\internet\clear\Yo mama & แซนวิชบลูเบอร์รี่.wav,2.45,3.15,มึง,0.7177666,none
C:\Users\muldi\Documents\Playground\University\senior-project-1\dataset\internet\clear\Yo mama & แซนวิชบลูเบอร์รี่.wav,12.95,14.0,มึง,0.7369766,none
C:\Users\muldi\Documents\Playground\University\senior-project-1\dataset\internet\clear\Yo mama & แซนวิชบลูเบอร์รี่.wav,15.75,16.45,มึง,0.5031616,none
C:\Users\muldi\Documents\Playground\University\senior-project-1\dataset\internet\clear\Yo mama & แซนวิชบลูเบอร์รี่.wav,18.55,19.25,มึง,0.6032111,มึง
C:\Users\muldi\Documents\Playground\University\senior-project-1\dataset\internet\clear\Yo mama & แซนวิชบลูเบอร์รี่.wav,20.65,23.1,มึง,0.83607936,none
C:\Users\muldi\Documents\Playground\University\senior-project-1\dataset\internet\clear\Yo mama & แซนวิชบลูเบอร์รี่.wav,24.15,25.2,มึง,0.79379696,มึง
C:\Users\muldi\Documents\Playground\University\senior-project-1\dataset\internet\clear\Yo mama & แซนวิชบลูเบอร์รี่.wav,25.55,26.25,มึง,0.69732475,มึง
C:\Users\muldi\Documents\Playground\University\senior-project-1\dataset\internet\clear\Yo mama & แซนวิชบลูเบอร์รี่.wav,27.3,28.35,มึง,0.8046729,none
C:\Users\muldi\Documents\Playground\University\senior-project-1\dataset\internet\clear\Yo mama & แซนวิชบลูเบอร์รี่.wav,28.7,30.45,มึง,0.6996687,none
C:\Users\muldi\Documents\Playground\University\senior-project-1\dataset\internet\clear\Yo mama & แซนวิชบลูเบอร์รี่.wav,32.55,33.25,มึง,0.522755,none
C:\Users\muldi\Documents\Playground\University\senior-project-1\dataset\internet\clear\Yo mama & แซนวิชบลูเบอร์รี่.wav,33.95,34.65,มึง,0.5981782,มึง
C:\Users\muldi\Documents\Playground\University\senior-project-1\dataset\internet\clear\Yo mama & แซนวิชบลูเบอร์รี่.wav,36.05,36.75,มึง,0.57607293,none
C:\Users\muldi\Documents\Playground\University\senior-project-1\dataset\internet\clear\Yo mama & แซนวิชบลูเบอร์รี่.wav,38.5,39.2,มึง,0.8196935,none
C:\Users\muldi\Documents\Playground\University\senior-project-1\dataset\internet\clear\Yo mama & แซนวิชบลูเบอร์รี่.wav,40.25,40.95,มึง,0.8200904,มึง
C:\Users\muldi\Documents\Playground\University\senior-project-1\dataset\internet\clear\Yo mama & แซนวิชบลูเบอร์รี่.wav,44.1,44.8,มึง,0.7809514,มึง
C:\Users\muldi\Documents\Playground\University\senior-project-1\dataset\internet\clear\Yo mama & แซนวิชบลูเบอร์รี่.wav,45.5,46.2,มึง,0.77458763,none
C:\Users\muldi\Documents\Playground\University\senior-project-1\dataset\internet\clear\Yo mama & แซนวิชบลูเบอร์รี่.wav,51.1,53.55,มึง,0.8230065,none
C:\Users\muldi\Documents\Playground\University\senior-project-1\dataset\internet\clear\Yo mama & แซนวิชบลูเบอร์รี่.wav,56.7,58.1,มึง,0.8403648,none
C:\Users\muldi\Documents\Playground\University\senior-project-1\dataset\internet\clear\Yo mama & แซนวิชบลูเบอร์รี่.wav,61.25,61.95,มึง,0.79670113,มึง
C:\Users\muldi\Documents\Playground\University\senior-project-1\dataset\internet\clear\Yo mama & แซนวิชบลูเบอร์รี่.wav,65.1,65.8,มึง,0.6882502,none
C:\Users\muldi\Documents\Playground\University\senior-project-1\dataset\internet\clear\Yo mama & แซนวิชบลูเบอร์รี่.wav,69.65,70.35,มึง,0.82144815,none
C:\Users\muldi\Documents\Playground\University\senior-project-1\dataset\internet\clear\Yo mama & แซนวิชบลูเบอร์รี่.wav,73.5,74.2,มึง,0.52092683,none
C:\Users\muldi\Documents\Playground\University\senior-project-1\dataset\internet\clear\Yo mama & แซนวิชบลูเบอร์รี่.wav,74.55,75.6,มึง,0.59040713,none
C:\Users\muldi\Documents\Playground\University\senior-project-1\dataset\internet\clear\Yo mama & แซนวิชบลูเบอร์รี่.wav,79.1,79.8,มึง,0.8205682,มึง
C:\Users\muldi\Documents\Playground\University\senior-project-1\dataset\internet\clear\Yo mama & แซนวิชบลูเบอร์รี่.wav,80.15,81.2,มึง,0.5882402,none
C:\Users\muldi\Documents\Playground\University\senior-project-1\dataset\internet\clear\Yo mama & แซนวิชบลูเบอร์รี่.wav,82.95,84.0,มึง,0.7560096,none
C:\Users\muldi\Documents\Playground\University\senior-project-1\dataset\internet\clear\Yo mama & แซนวิชบลูเบอร์รี่.wav,87.15,87.85,มึง,0.5250445,มึง
C:\Users\muldi\Documents\Playground\University\senior-project-1\dataset\internet\clear\Yo mama & แซนวิชบลูเบอร์รี่.wav,88.55,89.25,มึง,0.53151846,none
C:\Users\muldi\Documents\Playground\University\senior-project-1\dataset\internet\clear\Yo mama & แซนวิชบลูเบอร์รี่.wav,91.7,92.4,มึง,0.6781495,มึง
C:\Users\muldi\Documents\Playground\University\senior-project-1\dataset\internet\clear\Yo mama & แซนวิชบลูเบอร์รี่.wav,94.5,95.2,มึง,0.57948637,none
C:\Users\muldi\Documents\Playground\University\senior-project-1\dataset\internet\clear\Yo mama & แซนวิชบลูเบอร์รี่.wav,96.25,97.3,มึง,0.74059063,มึง
C:\Users\muldi\Documents\Playground\University\senior-project-1\dataset\internet\clear\Yo mama & แซนวิชบลูเบอร์รี่.wav,98.0,99.75,มึง,0.8404565,มึง
C:\Users\muldi\Documents\Playground\University\senior-project-1\dataset\internet\clear\Yo mama & แซนวิชบลูเบอร์รี่.wav,100.45,101.15,มึง,0.6169184,มึง
C:\Users\muldi\Documents\Playground\University\senior-project-1\dataset\internet\clear\Yo mama & แซนวิชบลูเบอร์รี่.wav,103.25,103.95,มึง,0.6258575,มึง
C:\Users\muldi\Documents\Playground\University\senior-project-1\dataset\internet\clear\Yo mama & แซนวิชบลูเบอร์รี่.wav,109.55,110.25,มึง,0.69709575,none
C:\Users\muldi\Documents\Playground\University\senior-project-1\dataset\internet\clear\Yo mama & แซนวิชบลูเบอร์รี่.wav,110.6,111.3,มึง,0.75067806,none
C:\Users\muldi\Documents\Playground\University\senior-project-1\dataset\internet\clear\Yo mama & แซนวิชบลูเบอร์รี่.wav,113.05,114.45,มึง,0.7879819,none
C:\Users\muldi\Documents\Playground\University\senior-project-1\dataset\internet\clear\Yo mama & แซนวิชบลูเบอร์รี่.wav,116.9,118.3,มึง,0.7808848,none
C:\Users\muldi\Documents\Playground\University\senior-project-1\dataset\internet\clear\Yo mama & แซนวิชบลูเบอร์รี่.wav,118.65,119.35,มึง,0.52344304,none
C:\Users\muldi\Documents\Playground\University\senior-project-1\dataset\internet\clear\Yo mama & แซนวิชบลูเบอร์รี่.wav,120.4,121.8,มึง,0.86843795,none
C:\Users\muldi\Documents\Playground\University\senior-project-1\dataset\internet\clear\Yo mama & แซนวิชบลูเบอร์รี่.wav,123.55,124.25,มึง,0.7033018,none
C:\Users\muldi\Documents\Playground\University\senior-project-1\dataset\internet\clear\Yo mama & แซนวิชบลูเบอร์รี่.wav,127.4,128.8,มึง,0.67419857,none
C:\Users\muldi\Documents\Playground\University\senior-project-1\dataset\internet\clear\Yo mama & แซนวิชบลูเบอร์รี่.wav,0.0,2.1,เหี้ย,0.93236226,none
C:\Users\muldi\Documents\Playground\University\senior-project-1\dataset\internet\clear\Yo mama & แซนวิชบลูเบอร์รี่.wav,16.8,17.85,เหี้ย,0.8600833,none
C:\Users\muldi\Documents\Playground\University\senior-project-1\dataset\internet\clear\Yo mama & แซนวิชบลูเบอร์รี่.wav,19.6,20.3,เหี้ย,0.6320826,none
C:\Users\muldi\Documents\Playground\University\senior-project-1\dataset\internet\clear\Yo mama & แซนวิชบลูเบอร์รี่.wav,55.65,56.35,เหี้ย,0.83669454,none
C:\Users\muldi\Documents\Playground\University\senior-project-1\dataset\internet\clear\Yo mama & แซนวิชบลูเบอร์รี่.wav,77.35,78.05,เหี้ย,0.610582,none
C:\Users\muldi\Documents\Playground\University\senior-project-1\dataset\internet\clear\Yo mama & แซนวิชบลูเบอร์รี่.wav,121.45,123.9,เหี้ย,0.9518318,none
C:\Users\muldi\Documents\Playground\University\senior-project-1\dataset\internet\clear\Yo mama & แซนวิชบลูเบอร์รี่.wav,126.7,127.75,เหี้ย,0.9196735,none
C:\Users\muldi\Documents\Playground\University\senior-project-1\dataset\internet\clear\Yo mama & แซนวิชบลูเบอร์รี่.wav,131.25,132.65,เหี้ย,0.93236226,none
C:\Users\muldi\Documents\Playground\University\senior-project-1\dataset\internet\clear\คนน่ากลัวกว่าผีบอกเลย!.wav,3.15,3.85,กู,0.655243,none
C:\Users\muldi\Documents\Playground\University\senior-project-1\dataset\internet\clear\คนน่ากลัวกว่าผีบอกเลย!.wav,11.55,12.25,กู,0.50843424,none
C:\Users\muldi\Documents\Playground\University\senior-project-1\dataset\internet\clear\คนน่ากลัวกว่าผีบอกเลย!.wav,23.45,24.15,กู,0.68761855,none
C:\Users\muldi\Documents\Playground\University\senior-project-1\dataset\internet\clear\คนน่ากลัวกว่าผีบอกเลย!.wav,33.25,34.3,กู,0.7514812,none
C:\Users\muldi\Documents\Playground\University\senior-project-1\dataset\internet\clear\คนน่ากลัวกว่าผีบอกเลย!.wav,42.35,43.4,กู,0.641434,none
C:\Users\muldi\Documents\Playground\University\senior-project-1\dataset\internet\clear\คนน่ากลัวกว่าผีบอกเลย!.wav,44.8,45.85,กู,0.79993737,กู
C:\Users\muldi\Documents\Playground\University\senior-project-1\dataset\internet\clear\คนน่ากลัวกว่าผีบอกเลย!.wav,49.0,49.7,กู,0.71208847,none
C:\Users\muldi\Documents\Playground\University\senior-project-1\dataset\internet\clear\คนน่ากลัวกว่าผีบอกเลย!.wav,50.4,52.15,กู,0.8892855,none
C:\Users\muldi\Documents\Playground\University\senior-project-1\dataset\internet\clear\คนน่ากลัวกว่าผีบอกเลย!.wav,4.9,5.6,มึง,0.54240906,none
C:\Users\muldi\Documents\Playground\University\senior-project-1\dataset\internet\clear\คนน่ากลัวกว่าผีบอกเลย!.wav,9.8,10.5,มึง,0.6972683,none
C:\Users\muldi\Documents\Playground\University\senior-project-1\dataset\internet\clear\คนน่ากลัวกว่าผีบอกเลย!.wav,11.9,12.6,มึง,0.61891806,none
C:\Users\muldi\Documents\Playground\University\senior-project-1\dataset\internet\clear\คนน่ากลัวกว่าผีบอกเลย!.wav,13.65,14.35,มึง,0.5425038,none
C:\Users\muldi\Documents\Playground\University\senior-project-1\dataset\internet\clear\คนน่ากลัวกว่าผีบอกเลย!.wav,15.75,16.45,มึง,0.80760014,none
C:\Users\muldi\Documents\Playground\University\senior-project-1\dataset\internet\clear\คนน่ากลัวกว่าผีบอกเลย!.wav,18.2,19.6,มึง,0.7477164,none
C:\Users\muldi\Documents\Playground\University\senior-project-1\dataset\internet\clear\คนน่ากลัวกว่าผีบอกเลย!.wav,28.0,28.7,มึง,0.5716212,none
C:\Users\muldi\Documents\Playground\University\senior-project-1\dataset\internet\clear\คนน่ากลัวกว่าผีบอกเลย!.wav,32.9,33.6,มึง,0.76814884,none
C:\Users\muldi\Documents\Playground\University\senior-project-1\dataset\internet\clear\คนน่ากลัวกว่าผีบอกเลย!.wav,37.1,37.8,มึง,0.6271549,none
C:\Users\muldi\Documents\Playground\University\senior-project-1\dataset\internet\clear\คนน่ากลัวกว่าผีบอกเลย!.wav,40.6,41.65,มึง,0.8364252,none
C:\Users\muldi\Documents\Playground\University\senior-project-1\dataset\internet\clear\คนน่ากลัวกว่าผีบอกเลย!.wav,45.85,46.55,มึง,0.62319756,none
C:\Users\muldi\Documents\Playground\University\senior-project-1\dataset\internet\clear\คนน่ากลัวกว่าผีบอกเลย!.wav,38.5,39.55,เย็ด,0.9324576,none
C:\Users\muldi\Documents\Playground\University\senior-project-1\dataset\internet\clear\คนน่ากลัวกว่าผีบอกเลย!.wav,0.0,3.15,เหี้ย,0.93236226,none
C:\Users\muldi\Documents\Playground\University\senior-project-1\dataset\internet\clear\คนน่ากลัวกว่าผีบอกเลย!.wav,10.5,11.2,เหี้ย,0.88151985,none
C:\Users\muldi\Documents\Playground\University\senior-project-1\dataset\internet\clear\คนน่ากลัวกว่าผีบอกเลย!.wav,12.95,14.0,เหี้ย,0.9216724,none
C:\Users\muldi\Documents\Playground\University\senior-project-1\dataset\internet\clear\คนน่ากลัวกว่าผีบอกเลย!.wav,22.4,23.8,เหี้ย,0.9172254,none
C:\Users\muldi\Documents\Playground\University\senior-project-1\dataset\internet\clear\คนน่ากลัวกว่าผีบอกเลย!.wav,32.55,33.25,เหี้ย,0.71839523,none
C:\Users\muldi\Documents\Playground\University\senior-project-1\dataset\internet\clear\คนน่ากลัวกว่าผีบอกเลย!.wav,35.7,36.4,เหี้ย,0.75489366,none
C:\Users\muldi\Documents\Playground\University\senior-project-1\dataset\internet\clear\คนน่ากลัวกว่าผีบอกเลย!.wav,37.8,38.5,เหี้ย,0.6414312,none
C:\Users\muldi\Documents\Playground\University\senior-project-1\dataset\internet\clear\คนน่ากลัวกว่าผีบอกเลย!.wav,43.4,44.1,เหี้ย,0.5936319,none
C:\Users\muldi\Documents\Playground\University\senior-project-1\dataset\internet\clear\คนน่ากลัวกว่าผีบอกเลย!.wav,47.6,48.65,เหี้ย,0.6380531,กู
C:\Users\muldi\Documents\Playground\University\senior-project-1\dataset\internet\clear\คนน่ากลัวกว่าผีบอกเลย!.wav,51.8,53.9,เหี้ย,0.93236226,none
C:\Users\muldi\Documents\Playground\University\senior-project-1\dataset\internet\clear\จารย์แดง1.wav,12.25,12.95,กู,0.5949384,none
C:\Users\muldi\Documents\Playground\University\senior-project-1\dataset\internet\clear\จารย์แดง1.wav,3.15,4.2,เหี้ย,0.9195856,เหี้ย
C:\Users\muldi\Documents\Playground\University\senior-project-1\dataset\internet\clear\จารย์แดง1.wav,7.0,9.1,เหี้ย,0.9392726,เหี้ย
C:\Users\muldi\Documents\Playground\University\senior-project-1\dataset\internet\clear\จารย์แดง1.wav,10.5,11.55,เหี้ย,0.9248297,none
C:\Users\muldi\Documents\Playground\University\senior-project-1\dataset\internet\clear\ชีวิตมันจะสู้ก็ต้องสู้ #honkaistarrail.wav,11.9,12.6,กู,0.54627126,none
C:\Users\muldi\Documents\Playground\University\senior-project-1\dataset\internet\clear\ชีวิตมันจะสู้ก็ต้องสู้ #honkaistarrail.wav,12.95,13.65,กู,0.57055044,none
C:\Users\muldi\Documents\Playground\University\senior-project-1\dataset\internet\clear\ชีวิตมันจะสู้ก็ต้องสู้ #honkaistarrail.wav,14.0,14.7,กู,0.66827255,none
C:\Users\muldi\Documents\Playground\University\senior-project-1\dataset\internet\clear\ชีวิตมันจะสู้ก็ต้องสู้ #honkaistarrail.wav,16.1,16.8,กู,0.64882714,none
C:\Users\muldi\Documents\Playground\University\senior-project-1\dataset\internet\clear\ชีวิตมันจะสู้ก็ต้องสู้ #honkaistarrail.wav,18.2,19.25,กู,0.65045035,none
C:\Users\muldi\Documents\Playground\University\senior-project-1\dataset\internet\clear\ชีวิตมันจะสู้ก็ต้องสู้ #honkaistarrail.wav,19.6,22.05,กู,0.7687208,none
C:\Users\muldi\Documents\Playground\University\senior-project-1\dataset\internet\clear\ชีวิตมันจะสู้ก็ต้องสู้ #honkaistarrail.wav,22.75,24.15,กู,0.60833716,none
C:\Users\muldi\Documents\Playground\University\senior-project-1\dataset\internet\clear\ชีวิตมันจะสู้ก็ต้องสู้ #honkaistarrail.wav,3.15,3.85,มึง,0.8339818,มึง
C:\Users\muldi\Documents\Playground\University\senior-project-1\dataset\internet\clear\ชีวิตมันจะสู้ก็ต้องสู้ #honkaistarrail.wav,9.8,10.5,มึง,0.8058493,none
C:\Users\muldi\Documents\Playground\University\senior-project-1\dataset\internet\clear\ชีวิตมันจะสู้ก็ต้องสู้ #honkaistarrail.wav,10.85,12.25,มึง,0.6880604,มึง
C:\Users\muldi\Documents\Playground\University\senior-project-1\dataset\internet\clear\ชีวิตมันจะสู้ก็ต้องสู้ #honkaistarrail.wav,14.35,15.05,มึง,0.8096362,none
C:\Users\muldi\Documents\Playground\University\senior-project-1\dataset\internet\clear\ชีวิตมันจะสู้ก็ต้องสู้ #honkaistarrail.wav,15.4,16.1,มึง,0.7256178,none
C:\Users\muldi\Documents\Playground\University\senior-project-1\dataset\internet\clear\ชีวิตมันจะสู้ก็ต้องสู้ #honkaistarrail.wav,1.75,2.45,เย็ด,0.76207584,none
C:\Users\muldi\Documents\Playground\University\senior-project-1\dataset\internet\clear\ชีวิตมันจะสู้ก็ต้องสู้ #honkaistarrail.wav,12.25,14.0,เย็ด,0.89106214,none
C:\Users\muldi\Documents\Playground\University\senior-project-1\dataset\internet\clear\ชีวิตมันจะสู้ก็ต้องสู้ #honkaistarrail.wav,21.0,21.7,เย็ด,0.9326995,none
C:\Users\muldi\Documents\Playground\University\senior-project-1\dataset\internet\clear\ชีวิตมันจะสู้ก็ต้องสู้ #honkaistarrail.wav,22.05,22.75,เย็ด,0.9520991,none
C:\Users\muldi\Documents\Playground\University\senior-project-1\dataset\internet\clear\ชีวิตมันจะสู้ก็ต้องสู้ #honkaistarrail.wav,23.1,23.8,เย็ด,0.85942924,none
C:\Users\muldi\Documents\Playground\University\senior-project-1\dataset\internet\clear\ชีวิตมันจะสู้ก็ต้องสู้ #honkaistarrail.wav,24.15,24.85,เย็ด,0.8715509,มึง
C:\Users\muldi\Documents\Playground\University\senior-project-1\dataset\internet\clear\ชีวิตมันจะสู้ก็ต้องสู้ #honkaistarrail.wav,0.0,2.1,เหี้ย,0.93236226,none
C:\Users\muldi\Documents\Playground\University\senior-project-1\dataset\internet\clear\ชีวิตมันจะสู้ก็ต้องสู้ #honkaistarrail.wav,2.8,3.5,เหี้ย,0.7872562,none
C:\Users\muldi\Documents\Playground\University\senior-project-1\dataset\internet\clear\ชีวิตมันจะสู้ก็ต้องสู้ #honkaistarrail.wav,4.2,4.9,เหี้ย,0.89722735,none
C:\Users\muldi\Documents\Playground\University\senior-project-1\dataset\internet\clear\ชีวิตมันจะสู้ก็ต้องสู้ #honkaistarrail.wav,7.0,8.05,เหี้ย,0.80014825,none
C:\Users\muldi\Documents\Playground\University\senior-project-1\dataset\internet\clear\ชีวิตมันจะสู้ก็ต้องสู้ #honkaistarrail.wav,8.4,9.1,เหี้ย,0.57862157,none
C:\Users\muldi\Documents\Playground\University\senior-project-1\dataset\internet\clear\ชีวิตมันจะสู้ก็ต้องสู้ #honkaistarrail.wav,17.15,17.85,เหี้ย,0.75973475,เหี้ย
C:\Users\muldi\Documents\Playground\University\senior-project-1\dataset\internet\clear\ช่วยด้วย!! นวยจะมาอยู่ด้วย!!.wav,5.6,6.65,กู,0.8775587,none
C:\Users\muldi\Documents\Playground\University\senior-project-1\dataset\internet\clear\ช่วยด้วย!! นวยจะมาอยู่ด้วย!!.wav,7.35,8.05,กู,0.7001385,none
C:\Users\muldi\Documents\Playground\University\senior-project-1\dataset\internet\clear\ช่วยด้วย!! นวยจะมาอยู่ด้วย!!.wav,12.25,13.3,กู,0.79290956,none
C:\Users\muldi\Documents\Playground\University\senior-project-1\dataset\internet\clear\ช่วยด้วย!! นวยจะมาอยู่ด้วย!!.wav,15.05,17.5,กู,0.6381217,none
C:\Users\muldi\Documents\Playground\University\senior-project-1\dataset\internet\clear\ช่วยด้วย!! นวยจะมาอยู่ด้วย!!.wav,33.25,33.95,กู,0.8320739,กู
C:\Users\muldi\Documents\Playground\University\senior-project-1\dataset\internet\clear\ช่วยด้วย!! นวยจะมาอยู่ด้วย!!.wav,3.5,4.2,มึง,0.8006193,none
C:\Users\muldi\Documents\Playground\University\senior-project-1\dataset\internet\clear\ช่วยด้วย!! นวยจะมาอยู่ด้วย!!.wav,11.55,12.25,มึง,0.69670683,none
C:\Users\muldi\Documents\Playground\University\senior-project-1\dataset\internet\clear\ช่วยด้วย!! นวยจะมาอยู่ด้วย!!.wav,12.95,14.0,มึง,0.5398998,กู
C:\Users\muldi\Documents\Playground\University\senior-project-1\dataset\internet\clear\ช่วยด้วย!! นวยจะมาอยู่ด้วย!!.wav,14.7,15.4,มึง,0.86749643,none
C:\Users\muldi\Documents\Playground\University\senior-project-1\dataset\internet\clear\ช่วยด้วย!! นวยจะมาอยู่ด้วย!!.wav,17.5,18.2,มึง,0.60206807,none
C:\Users\muldi\Documents\Playground\University\senior-project-1\dataset\internet\clear\ช่วยด้วย!! นวยจะมาอยู่ด้วย!!.wav,29.75,30.45,เย็ด,0.87632775,none
C:\Users\muldi\Documents\Playground\University\senior-project-1\dataset\internet\clear\ช่วยด้วย!! นวยจะมาอยู่ด้วย!!.wav,0.0,3.5,เหี้ย,0.93236226,none
C:\Users\muldi\Documents\Playground\University\senior-project-1\dataset\internet\clear\ช่วยด้วย!! นวยจะมาอยู่ด้วย!!.wav,4.2,5.6,เหี้ย,0.81650245,none
C:\Users\muldi\Documents\Playground\University\senior-project-1\dataset\internet\clear\ช่วยด้วย!! นวยจะมาอยู่ด้วย!!.wav,9.1,10.15,เหี้ย,0.91307014,none
C:\Users\muldi\Documents\Playground\University\senior-project-1\dataset\internet\clear\ช่วยด้วย!! นวยจะมาอยู่ด้วย!!.wav,10.85,11.9,เหี้ย,0.73339015,none
C:\Users\muldi\Documents\Playground\University\senior-project-1\dataset\internet\clear\ช่วยด้วย!! นวยจะมาอยู่ด้วย!!.wav,21.7,23.1,เหี้ย,0.73755294,none
C:\Users\muldi\Documents\Playground\University\senior-project-1\dataset\internet\clear\ช่วยด้วย!! นวยจะมาอยู่ด้วย!!.wav,24.5,25.2,เหี้ย,0.683849,none
C:\Users\muldi\Documents\Playground\University\senior-project-1\dataset\internet\clear\ซามามาเท.wav,7.35,8.05,กู,0.64609075,กู
C:\Users\muldi\Documents\Playground\University\senior-project-1\dataset\internet\clear\ซามามาเท.wav,8.4,9.1,กู,0.72798294,none
C:\Users\muldi\Documents\Playground\University\senior-project-1\dataset\internet\clear\ซามามาเท.wav,15.05,16.1,กู,0.8002723,none
C:\Users\muldi\Documents\Playground\University\senior-project-1\dataset\internet\clear\ซามามาเท.wav,17.5,18.9,กู,0.75354564,none
C:\Users\muldi\Documents\Playground\University\senior-project-1\dataset\internet\clear\ซามามาเท.wav,24.15,24.85,กู,0.6838379,none
C:\Users\muldi\Documents\Playground\University\senior-project-1\dataset\internet\clear\ซามามาเท.wav,3.15,3.85,มึง,0.5172104,none
C:\Users\muldi\Documents\Playground\University\senior-project-1\dataset\internet\clear\ซามามาเท.wav,11.9,12.6,มึง,0.7083192,none
C:\Users\muldi\Documents\Playground\University\senior-project-1\dataset\internet\clear\ซามามาเท.wav,12.95,14.35,มึง,0.5279764,none
C:\Users\muldi\Documents\Playground\University\senior-project-1\dataset\internet\clear\ซามามาเท.wav,22.4,23.45,มึง,0.7534533,none
C:\Users\muldi\Documents\Playground\University\senior-project-1\dataset\internet\clear\ซามามาเท.wav,25.2,26.25,มึง,0.71041554,มึง
C:\Users\muldi\Documents\Playground\University\senior-project-1\dataset\internet\clear\ซามามาเท.wav,5.6,6.3,เย็ด,0.5301724,none
C:\Users\muldi\Documents\Playground\University\senior-project-1\dataset\internet\clear\ซามามาเท.wav,8.05,8.75,เย็ด,0.61408746,none
C:\Users\muldi\Documents\Playground\University\senior-project-1\dataset\internet\clear\ซามามาเท.wav,19.95,21.0,เย็ด,0.85532755,none
C:\Users\muldi\Documents\Playground\University\senior-project-1\dataset\internet\clear\ซามามาเท.wav,0.0,2.1,เหี้ย,0.93236226,none
C:\Users\muldi\Documents\Playground\University\senior-project-1\dataset\internet\clear\ซามามาเท.wav,4.9,5.6,เหี้ย,0.5518893,none
C:\Users\muldi\Documents\Playground\University\senior-project-1\dataset\internet\clear\ซามามาเท.wav,12.6,13.3,เหี้ย,0.7136713,none
C:\Users\muldi\Documents\Playground\University\senior-project-1\dataset\internet\clear\ซามามาเท.wav,14.0,14.7,เหี้ย,0.7469491,none
C:\Users\muldi\Documents\Playground\University\senior-project-1\dataset\internet\clear\ถ้าจะมาหลอกแค่นี้ อย่ามาดีกว่าไอ้น้อง.wav,15.4,16.45,กู,0.7812974,กู
C:\Users\muldi\Documents\Playground\University\senior-project-1\dataset\internet\clear\ถ้าจะมาหลอกแค่นี้ อย่ามาดีกว่าไอ้น้อง.wav,19.6,20.3,กู,0.71023273,none
C:\Users\muldi\Documents\Playground\University\senior-project-1\dataset\internet\clear\ถ้าจะมาหลอกแค่นี้ อย่ามาดีกว่าไอ้น้อง.wav,30.8,32.55,กู,0.79880446,none
C:\Users\muldi\Documents\Playground\University\senior-project-1\dataset\internet\clear\ถ้าจะมาหลอกแค่นี้ อย่ามาดีกว่าไอ้น้อง.wav,38.15,39.2,กู,0.75107384,none
C:\Users\muldi\Documents\Playground\University\senior-project-1\dataset\internet\clear\ถ้าจะมาหลอกแค่นี้ อย่ามาดีกว่าไอ้น้อง.wav,42.0,42.7,กู,0.578167,กู
C:\Users\muldi\Documents\Playground\University\senior-project-1\dataset\internet\clear\ถ้าจะมาหลอกแค่นี้ อย่ามาดีกว่าไอ้น้อง.wav,10.15,11.55,มึง,0.84653074,none
C:\Users\muldi\Documents\Playground\University\senior-project-1\dataset\internet\clear\ถ้าจะมาหลอกแค่นี้ อย่ามาดีกว่าไอ้น้อง.wav,13.3,14.0,มึง,0.7328113,none
C:\Users\muldi\Documents\Playground\University\senior-project-1\dataset\internet\clear\ถ้าจะมาหลอกแค่นี้ อย่ามาดีกว่าไอ้น้อง.wav,16.45,18.55,มึง,0.8427577,none
C:\Users\muldi\Documents\Playground\University\senior-project-1\dataset\internet\clear\ถ้าจะมาหลอกแค่นี้ อย่ามาดีกว่าไอ้น้อง.wav,24.15,25.2,มึง,0.81666434,none
C:\Users\muldi\Documents\Playground\University\senior-project-1\dataset\internet\clear\ถ้าจะมาหลอกแค่นี้ อย่ามาดีกว่าไอ้น้อง.wav,26.25,26.95,มึง,0.8722012,none
C:\Users\muldi\Documents\Playground\University\senior-project-1\dataset\internet\clear\ถ้าจะมาหลอกแค่นี้ อย่ามาดีกว่าไอ้น้อง.wav,28.35,30.8,มึง,0.8805367,none
C:\Users\muldi\Documents\Playground\University\senior-project-1\dataset\internet\clear\ถ้าจะมาหลอกแค่นี้ อย่ามาดีกว่าไอ้น้อง.wav,33.6,34.3,มึง,0.8740236,none
C:\Users\muldi\Documents\Playground\University\senior-project-1\dataset\internet\clear\ถ้าจะมาหลอกแค่นี้ อย่ามาดีกว่าไอ้น้อง.wav,39.2,40.6,มึง,0.8799005,none
C:\Users\muldi\Documents\Playground\University\senior-project-1\dataset\internet\clear\ถ้าจะมาหลอกแค่นี้ อย่ามาดีกว่าไอ้น้อง.wav,37.8,38.5,เย็ด,0.5635631,none
C:\Users\muldi\Documents\Playground\University\senior-project-1\dataset\internet\clear\ถ้าจะมาหลอกแค่นี้ อย่ามาดีกว่าไอ้น้อง.wav,0.0,2.1,เหี้ย,0.93236226,none
C:\Users\muldi\Documents\Playground\University\senior-project-1\dataset\internet\clear\ถ้าจะมาหลอกแค่นี้ อย่ามาดีกว่าไอ้น้อง.wav,5.6,6.65,เหี้ย,0.5545859,none
C:\Users\muldi\Documents\Playground\University\senior-project-1\dataset\internet\clear\ถ้าจะมาหลอกแค่นี้ อย่ามาดีกว่าไอ้น้อง.wav,9.1,9.8,เหี้ย,0.9457375,none
C:\Users\muldi\Documents\Playground\University\senior-project-1\dataset\internet\clear\ถ้าจะมาหลอกแค่นี้ อย่ามาดีกว่าไอ้น้อง.wav,10.5,11.2,เหี้ย,0.90239406,none
C:\Users\muldi\Documents\Playground\University\senior-project-1\dataset\internet\clear\ถ้าจะมาหลอกแค่นี้ อย่ามาดีกว่าไอ้น้อง.wav,13.65,14.35,เหี้ย,0.6961714,none
C:\Users\muldi\Documents\Playground\University\senior-project-1\dataset\internet\clear\ถ้าจะมาหลอกแค่นี้ อย่ามาดีกว่าไอ้น้อง.wav,22.05,23.1,เหี้ย,0.93573344,none
C:\Users\muldi\Documents\Playground\University\senior-project-1\dataset\internet\clear\ถ้าจะมาหลอกแค่นี้ อย่ามาดีกว่าไอ้น้อง.wav,24.85,25.55,เหี้ย,0.73978615,none
C:\Users\muldi\Documents\Playground\University\senior-project-1\dataset\internet\clear\ถ้าจะมาหลอกแค่นี้ อย่ามาดีกว่าไอ้น้อง.wav,25.9,27.3,เหี้ย,0.8960461,none
C:\Users\muldi\Documents\Playground\University\senior-project-1\dataset\internet\clear\ถ้าจะมาหลอกแค่นี้ อย่ามาดีกว่าไอ้น้อง.wav,32.2,33.25,เหี้ย,0.8253811,none
C:\Users\muldi\Documents\Playground\University\senior-project-1\dataset\internet\clear\ถ้าจะมาหลอกแค่นี้ อย่ามาดีกว่าไอ้น้อง.wav,39.55,40.25,เหี้ย,0.5627053,none
C:\Users\muldi\Documents\Playground\University\senior-project-1\dataset\internet\clear\ถ้าจะมาหลอกแค่นี้ อย่ามาดีกว่าไอ้น้อง.wav,40.6,41.3,เหี้ย,0.7363157,none
C:\Users\muldi\Documents\Playground\University\senior-project-1\dataset\internet\clear\ถ้าจะมาหลอกแค่นี้ อย่ามาดีกว่าไอ้น้อง.wav,42.7,43.4,เหี้ย,0.537376,none
C:\Users\muldi\Documents\Playground\University\senior-project-1\dataset\internet\clear\ถ้าวันนึงหีมึงเหี่ยว.wav,4.2,4.9,กู,0.581432,none
C:\Users\muldi\Documents\Playground\University\senior-project-1\dataset\internet\clear\ถ้าวันนึงหีมึงเหี่ยว.wav,6.3,7.0,กู,0.75332963,none
C:\Users\muldi\Documents\Playground\University\senior-project-1\dataset\internet\clear\ถ้าวันนึงหีมึงเหี่ยว.wav,7.7,8.4,กู,0.66012025,กู
C:\Users\muldi\Documents\Playground\University\senior-project-1\dataset\internet\clear\ถ้าวันนึงหีมึงเหี่ยว.wav,4.9,5.6,มึง,0.51958406,none
C:\Users\muldi\Documents\Playground\University\senior-project-1\dataset\internet\clear\ถ้าวันนึงหีมึงเหี่ยว.wav,6.65,7.7,มึง,0.8122655,none
C:\Users\muldi\Documents\Playground\University\senior-project-1\dataset\internet\clear\ถ้าวันนึงหีมึงเหี่ยว.wav,15.4,16.45,มึง,0.7762298,มึง
C:\Users\muldi\Documents\Playground\University\senior-project-1\dataset\internet\clear\ถ้าวันนึงหีมึงเหี่ยว.wav,0.0,4.55,เหี้ย,0.93236226,none
C:\Users\muldi\Documents\Playground\University\senior-project-1\dataset\internet\clear\ถ้าวันนึงหีมึงเหี่ยว.wav,5.95,6.65,เหี้ย,0.7748779,none
C:\Users\muldi\Documents\Playground\University\senior-project-1\dataset\internet\clear\ถ้าวันนึงหีมึงเหี่ยว.wav,8.05,9.45,เหี้ย,0.9534712,กู
C:\Users\muldi\Documents\Playground\University\senior-project-1\dataset\internet\clear\ถ้าวันนึงหีมึงเหี่ยว.wav,11.55,12.6,เหี้ย,0.77023375,มึง
C:\Users\muldi\Documents\Playground\University\senior-project-1\dataset\internet\clear\ถ้าวันนึงหีมึงเหี่ยว.wav,14.35,15.75,เหี้ย,0.9070867,none
C:\Users\muldi\Documents\Playground\University\senior-project-1\dataset\internet\clear\ประชุมรวมญาติเชลซี.wav,4.2,5.6,กู,0.7286553,none
C:\Users\muldi\Documents\Playground\University\senior-project-1\dataset\internet\clear\ประชุมรวมญาติเชลซี.wav,15.05,16.1,กู,0.6118476,none
C:\Users\muldi\Documents\Playground\University\senior-project-1\dataset\internet\clear\ประชุมรวมญาติเชลซี.wav,17.5,18.55,กู,0.7432245,none
C:\Users\muldi\Documents\Playground\University\senior-project-1\dataset\internet\clear\ประชุมรวมญาติเชลซี.wav,32.2,32.9,กู,0.6823089,none
C:\Users\muldi\Documents\Playground\University\senior-project-1\dataset\internet\clear\ประชุมรวมญาติเชลซี.wav,36.05,37.1,กู,0.8041615,none
C:\Users\muldi\Documents\Playground\University\senior-project-1\dataset\internet\clear\ประชุมรวมญาติเชลซี.wav,41.65,42.35,กู,0.6517109,none
C:\Users\muldi\Documents\Playground\University\senior-project-1\dataset\internet\clear\ประชุมรวมญาติเชลซี.wav,43.75,44.45,กู,0.5605522,none
C:\Users\muldi\Documents\Playground\University\senior-project-1\dataset\internet\clear\ประชุมรวมญาติเชลซี.wav,45.5,46.55,กู,0.74794424,none
C:\Users\muldi\Documents\Playground\University\senior-project-1\dataset\internet\clear\ประชุมรวมญาติเชลซี.wav,46.9,47.95,กู,0.6744664,none
C:\Users\muldi\Documents\Playground\University\senior-project-1\dataset\internet\clear\ประชุมรวมญาติเชลซี.wav,51.8,52.5,กู,0.7025397,none
C:\Users\muldi\Documents\Playground\University\senior-project-1\dataset\internet\clear\ประชุมรวมญาติเชลซี.wav,52.85,53.55,กู,0.7813808,none
C:\Users\muldi\Documents\Playground\University\senior-project-1\dataset\internet\clear\ประชุมรวมญาติเชลซี.wav,56.7,57.75,กู,0.55653065,none
C:\Users\muldi\Documents\Playground\University\senior-project-1\dataset\internet\clear\ประชุมรวมญาติเชลซี.wav,59.15,60.9,กู,0.7627069,none
C:\Users\muldi\Documents\Playground\University\senior-project-1\dataset\internet\clear\ประชุมรวมญาติเชลซี.wav,63.0,63.7,กู,0.67143786,none
C:\Users\muldi\Documents\Playground\University\senior-project-1\dataset\internet\clear\ประชุมรวมญาติเชลซี.wav,67.9,69.65,กู,0.6629238,none
C:\Users\muldi\Documents\Playground\University\senior-project-1\dataset\internet\clear\ประชุมรวมญาติเชลซี.wav,76.3,77.35,กู,0.5482767,none
C:\Users\muldi\Documents\Playground\University\senior-project-1\dataset\internet\clear\ประชุมรวมญาติเชลซี.wav,82.25,82.95,กู,0.82899886,none
C:\Users\muldi\Documents\Playground\University\senior-project-1\dataset\internet\clear\ประชุมรวมญาติเชลซี.wav,91.35,92.05,กู,0.5443533,none
C:\Users\muldi\Documents\Playground\University\senior-project-1\dataset\internet\clear\ประชุมรวมญาติเชลซี.wav,92.75,93.45,กู,0.72966254,none
C:\Users\muldi\Documents\Playground\University\senior-project-1\dataset\internet\clear\ประชุมรวมญาติเชลซี.wav,94.15,95.2,กู,0.6739001,none
C:\Users\muldi\Documents\Playground\University\senior-project-1\dataset\internet\clear\ประชุมรวมญาติเชลซี.wav,96.25,97.3,กู,0.82549304,none
C:\Users\muldi\Documents\Playground\University\senior-project-1\dataset\internet\clear\ประชุมรวมญาติเชลซี.wav,101.85,102.9,กู,0.5642286,none
C:\Users\muldi\Documents\Playground\University\senior-project-1\dataset\internet\clear\ประชุมรวมญาติเชลซี.wav,103.6,104.3,กู,0.52456677,none
C:\Users\muldi\Documents\Playground\University\senior-project-1\dataset\internet\clear\ประชุมรวมญาติเชลซี.wav,105.7,106.75,กู,0.6735117,none
C:\Users\muldi\Documents\Playground\University\senior-project-1\dataset\internet\clear\ประชุมรวมญาติเชลซี.wav,110.6,111.3,กู,0.826498,none
C:\Users\muldi\Documents\Playground\University\senior-project-1\dataset\internet\clear\ประชุมรวมญาติเชลซี.wav,111.65,112.7,กู,0.59927535,none
C:\Users\muldi\Documents\Playground\University\senior-project-1\dataset\internet\clear\ประชุมรวมญาติเชลซี.wav,113.75,114.45,กู,0.6661426,none
C:\Users\muldi\Documents\Playground\University\senior-project-1\dataset\internet\clear\ประชุมรวมญาติเชลซี.wav,115.15,116.2,กู,0.7140871,none
C:\Users\muldi\Documents\Playground\University\senior-project-1\dataset\internet\clear\ประชุมรวมญาติเชลซี.wav,120.05,120.75,กู,0.5146898,none
C:\Users\muldi\Documents\Playground\University\senior-project-1\dataset\internet\clear\ประชุมรวมญาติเชลซี.wav,130.55,131.25,กู,0.60746366,none
C:\Users\muldi\Documents\Playground\University\senior-project-1\dataset\internet\clear\ประชุมรวมญาติเชลซี.wav,131.95,132.65,กู,0.62982774,none
C:\Users\muldi\Documents\Playground\University\senior-project-1\dataset\internet\clear\ประชุมรวมญาติเชลซี.wav,134.4,135.1,กู,0.6523712,none
C:\Users\muldi\Documents\Playground\University\senior-project-1\dataset\internet\clear\ประชุมรวมญาติเชลซี.wav,138.25,138.95,กู,0.61466396,none
C:\Users\muldi\Documents\Playground\University\senior-project-1\dataset\internet\clear\ประชุมรวมญาติเชลซี.wav,144.55,145.25,กู,0.65830916,กู
C:\Users\muldi\Documents\Playground\University\senior-project-1\dataset\internet\clear\ประชุมรวมญาติเชลซี.wav,145.6,146.3,กู,0.7912294,none
C:\Users\muldi\Documents\Playground\University\senior-project-1\dataset\internet\clear\ประชุมรวมญาติเชลซี.wav,147.35,148.05,กู,0.67690444,none
C:\Users\muldi\Documents\Playground\University\senior-project-1\dataset\internet\clear\ประชุมรวมญาติเชลซี.wav,154.7,156.1,กู,0.7349605,none
C:\Users\muldi\Documents\Playground\University\senior-project-1\dataset\internet\clear\ประชุมรวมญาติเชลซี.wav,166.95,167.65,กู,0.6530767,none
C:\Users\muldi\Documents\Playground\University\senior-project-1\dataset\internet\clear\ประชุมรวมญาติเชลซี.wav,171.5,172.2,กู,0.57741636,none
C:\Users\muldi\Documents\Playground\University\senior-project-1\dataset\internet\clear\ประชุมรวมญาติเชลซี.wav,172.55,173.25,กู,0.6506196,none
C:\Users\muldi\Documents\Playground\University\senior-project-1\dataset\internet\clear\ประชุมรวมญาติเชลซี.wav,173.6,174.65,กู,0.784843,none
C:\Users\muldi\Documents\Playground\University\senior-project-1\dataset\internet\clear\ประชุมรวมญาติเชลซี.wav,176.4,178.85,กู,0.7515289,none
C:\Users\muldi\Documents\Playground\University\senior-project-1\dataset\internet\clear\ประชุมรวมญาติเชลซี.wav,180.95,182.35,กู,0.74943906,กู
C:\Users\muldi\Documents\Playground\University\senior-project-1\dataset\internet\clear\ประชุมรวมญาติเชลซี.wav,4.55,5.25,มึง,0.7606107,none
C:\Users\muldi\Documents\Playground\University\senior-project-1\dataset\internet\clear\ประชุมรวมญาติเชลซี.wav,44.8,45.5,มึง,0.594486,none
C:\Users\muldi\Documents\Playground\University\senior-project-1\dataset\internet\clear\ประชุมรวมญาติเชลซี.wav,66.5,67.2,มึง,0.5060452,none
C:\Users\muldi\Documents\Playground\University\senior-project-1\dataset\internet\clear\ประชุมรวมญาติเชลซี.wav,70.0,70.7,มึง,0.51308274,none
C:\Users\muldi\Documents\Playground\University\senior-project-1\dataset\internet\clear\ประชุมรวมญาติเชลซี.wav,78.05,78.75,มึง,0.77589965,none
C:\Users\muldi\Documents\Playground\University\senior-project-1\dataset\internet\clear\ประชุมรวมญาติเชลซี.wav,91.7,92.4,มึง,0.63773125,none
C:\Users\muldi\Documents\Playground\University\senior-project-1\dataset\internet\clear\ประชุมรวมญาติเชลซี.wav,93.1,93.8,มึง,0.8224733,none
C:\Users\muldi\Documents\Playground\University\senior-project-1\dataset\internet\clear\ประชุมรวมญาติเชลซี.wav,105.0,105.7,มึง,0.5881216,none
C:\Users\muldi\Documents\Playground\University\senior-project-1\dataset\internet\clear\ประชุมรวมญาติเชลซี.wav,150.85,151.55,มึง,0.68937767,none
C:\Users\muldi\Documents\Playground\University\senior-project-1\dataset\internet\clear\ประชุมรวมญาติเชลซี.wav,167.3,168.0,มึง,0.528276,none
C:\Users\muldi\Documents\Playground\University\senior-project-1\dataset\internet\clear\ประชุมรวมญาติเชลซี.wav,178.5,179.2,มึง,0.8160994,none
C:\Users\muldi\Documents\Playground\University\senior-project-1\dataset\internet\clear\ประชุมรวมญาติเชลซี.wav,2.1,3.15,เย็ด,0.931798,none
C:\Users\muldi\Documents\Playground\University\senior-project-1\dataset\internet\clear\ประชุมรวมญาติเชลซี.wav,48.65,49.35,เย็ด,0.48675743,none
C:\Users\muldi\Documents\Playground\University\senior-project-1\dataset\internet\clear\ประชุมรวมญาติเชลซี.wav,74.9,75.6,เย็ด,0.9535594,none
C:\Users\muldi\Documents\Playground\University\senior-project-1\dataset\internet\clear\ประชุมรวมญาติเชลซี.wav,168.0,168.7,เย็ด,0.9460235,none
C:\Users\muldi\Documents\Playground\University\senior-project-1\dataset\internet\clear\ประชุมรวมญาติเชลซี.wav,171.85,172.55,เย็ด,0.9260655,none
C:\Users\muldi\Documents\Playground\University\senior-project-1\dataset\internet\clear\ประชุมรวมญาติเชลซี.wav,175.7,176.4,เย็ด,0.7724669,none
C:\Users\muldi\Documents\Playground\University\senior-project-1\dataset\internet\clear\ประชุมรวมญาติเชลซี.wav,0.0,2.45,เหี้ย,0.93236226,none
C:\Users\muldi\Documents\Playground\University\senior-project-1\dataset\internet\clear\ประชุมรวมญาติเชลซี.wav,22.05,22.75,เหี้ย,0.6617318,none
C:\Users\muldi\Documents\Playground\University\senior-project-1\dataset\internet\clear\ประชุมรวมญาติเชลซี.wav,46.55,47.25,เหี้ย,0.5479452,none
C:\Users\muldi\Documents\Playground\University\senior-project-1\dataset\internet\clear\ประชุมรวมญาติเชลซี.wav,52.15,52.85,เหี้ย,0.7693129,none
C:\Users\muldi\Documents\Playground\University\senior-project-1\dataset\internet\clear\ประชุมรวมญาติเชลซี.wav,61.25,61.95,เหี้ย,0.80074096,none
C:\Users\muldi\Documents\Playground\University\senior-project-1\dataset\internet\clear\ประชุมรวมญาติเชลซี.wav,63.7,64.75,เหี้ย,0.65161556,none
C:\Users\muldi\Documents\Playground\University\senior-project-1\dataset\internet\clear\ประชุมรวมญาติเชลซี.wav,67.2,68.25,เหี้ย,0.9137771,none
C:\Users\muldi\Documents\Playground\University\senior-project-1\dataset\internet\clear\ประชุมรวมญาติเชลซี.wav,83.3,84.0,เหี้ย,0.5623781,none
C:\Users\muldi\Documents\Playground\University\senior-project-1\dataset\internet\clear\ประชุมรวมญาติเชลซี.wav,99.75,100.45,เหี้ย,0.5950936,none
C:\Users\muldi\Documents\Playground\University\senior-project-1\dataset\internet\clear\ประชุมรวมญาติเชลซี.wav,104.65,105.35,เหี้ย,0.525295,none
C:\Users\muldi\Documents\Playground\University\senior-project-1\dataset\internet\clear\ประชุมรวมญาติเชลซี.wav,113.4,114.1,เหี้ย,0.84119594,none
C:\Users\muldi\Documents\Playground\University\senior-project-1\dataset\internet\clear\ประชุมรวมญาติเชลซี.wav,117.25,118.3,เหี้ย,0.8707575,none
C:\Users\muldi\Documents\Playground\University\senior-project-1\dataset\internet\clear\ประชุมรวมญาติเชลซี.wav,119.0,119.7,เหี้ย,0.5047677,none
C:\Users\muldi\Documents\Playground\University\senior-project-1\dataset\internet\clear\ประชุมรวมญาติเชลซี.wav,130.2,130.9,เหี้ย,0.5287548,none
C:\Users\muldi\Documents\Playground\University\senior-project-1\dataset\internet\clear\ประชุมรวมญาติเชลซี.wav,138.95,139.65,เหี้ย,0.5259783,none
C:\Users\muldi\Documents\Playground\University\senior-project-1\dataset\internet\clear\ประชุมรวมญาติเชลซี.wav,143.15,144.2,เหี้ย,0.7025442,เหี้ย
C:\Users\muldi\Documents\Playground\University\senior-project-1\dataset\internet\clear\ประชุมรวมญาติเชลซี.wav,162.75,163.45,เหี้ย,0.75487906,none
C:\Users\muldi\Documents\Playground\University\senior-project-1\dataset\internet\clear\ประชุมรวมญาติเชลซี.wav,179.2,179.9,เหี้ย,0.90980816,none
C:\Users\muldi\Documents\Playground\University\senior-project-1\dataset\internet\clear\ประชุมรวมญาติเชลซี.wav,180.25,180.95,เหี้ย,0.7042783,กู
C:\Users\muldi\Documents\Playground\University\senior-project-1\dataset\internet\clear\พากย์สุดโต่ง VS พากย์สุขุม.wav,2.8,3.5,กู,0.5508063,none
C:\Users\muldi\Documents\Playground\University\senior-project-1\dataset\internet\clear\พากย์สุดโต่ง VS พากย์สุขุม.wav,4.55,5.25,กู,0.57836145,none
C:\Users\muldi\Documents\Playground\University\senior-project-1\dataset\internet\clear\พากย์สุดโต่ง VS พากย์สุขุม.wav,10.85,11.55,กู,0.81711334,none
C:\Users\muldi\Documents\Playground\University\senior-project-1\dataset\internet\clear\พากย์สุดโต่ง VS พากย์สุขุม.wav,14.0,15.4,กู,0.8453158,none
C:\Users\muldi\Documents\Playground\University\senior-project-1\dataset\internet\clear\พากย์สุดโต่ง VS พากย์สุขุม.wav,19.6,20.65,กู,0.67279005,none
C:\Users\muldi\Documents\Playground\University\senior-project-1\dataset\internet\clear\พากย์สุดโต่ง VS พากย์สุขุม.wav,29.75,30.45,กู,0.6396187,none
C:\Users\muldi\Documents\Playground\University\senior-project-1\dataset\internet\clear\พากย์สุดโต่ง VS พากย์สุขุม.wav,50.75,51.45,กู,0.814557,none
C:\Users\muldi\Documents\Playground\University\senior-project-1\dataset\internet\clear\พากย์สุดโต่ง VS พากย์สุขุม.wav,53.9,54.6,กู,0.78311193,none
C:\Users\muldi\Documents\Playground\University\senior-project-1\dataset\internet\clear\พากย์สุดโต่ง VS พากย์สุขุม.wav,56.0,56.7,กู,0.575195,กู
C:\Users\muldi\Documents\Playground\University\senior-project-1\dataset\internet\clear\พากย์สุดโต่ง VS พากย์สุขุม.wav,70.35,71.05,กู,0.5718332,none
C:\Users\muldi\Documents\Playground\University\senior-project-1\dataset\internet\clear\พากย์สุดโต่ง VS พากย์สุขุม.wav,74.9,75.6,กู,0.65521175,none
C:\Users\muldi\Documents\Playground\University\senior-project-1\dataset\internet\clear\พากย์สุดโต่ง VS พากย์สุขุม.wav,97.65,98.35,กู,0.75256014,none
C:\Users\muldi\Documents\Playground\University\senior-project-1\dataset\internet\clear\พากย์สุดโต่ง VS พากย์สุขุม.wav,99.4,100.1,กู,0.7206192,none
C:\Users\muldi\Documents\Playground\University\senior-project-1\dataset\internet\clear\พากย์สุดโต่ง VS พากย์สุขุม.wav,105.35,106.4,กู,0.7629314,none
C:\Users\muldi\Documents\Playground\University\senior-project-1\dataset\internet\clear\พากย์สุดโต่ง VS พากย์สุขุม.wav,113.05,113.75,กู,0.59841883,none
C:\Users\muldi\Documents\Playground\University\senior-project-1\dataset\internet\clear\พากย์สุดโต่ง VS พากย์สุขุม.wav,115.15,116.2,กู,0.55608237,none
C:\Users\muldi\Documents\Playground\University\senior-project-1\dataset\internet\clear\พากย์สุดโต่ง VS พากย์สุขุม.wav,5.25,5.95,มึง,0.5318556,none
C:\Users\muldi\Documents\Playground\University\senior-project-1\dataset\internet\clear\พากย์สุดโต่ง VS พากย์สุขุม.wav,9.45,10.15,มึง,0.6859494,none
C:\Users\muldi\Documents\Playground\University\senior-project-1\dataset\internet\clear\พากย์สุดโต่ง VS พากย์สุขุม.wav,37.45,38.15,มึง,0.6484561,none
C:\Users\muldi\Documents\Playground\University\senior-project-1\dataset\internet\clear\พากย์สุดโต่ง VS พากย์สุขุม.wav,42.35,43.4,มึง,0.72173005,none
C:\Users\muldi\Documents\Playground\University\senior-project-1\dataset\internet\clear\พากย์สุดโต่ง VS พากย์สุขุม.wav,63.35,64.05,มึง,0.71019846,none
C:\Users\muldi\Documents\Playground\University\senior-project-1\dataset\internet\clear\พากย์สุดโต่ง VS พากย์สุขุม.wav,65.45,66.15,มึง,0.72719085,none
C:\Users\muldi\Documents\Playground\University\senior-project-1\dataset\internet\clear\พากย์สุดโต่ง VS พากย์สุขุม.wav,72.1,72.8,มึง,0.80917865,none
C:\Users\muldi\Documents\Playground\University\senior-project-1\dataset\internet\clear\พากย์สุดโต่ง VS พากย์สุขุม.wav,73.5,74.2,มึง,0.8293101,none
C:\Users\muldi\Documents\Playground\University\senior-project-1\dataset\internet\clear\พากย์สุดโต่ง VS พากย์สุขุม.wav,80.15,80.85,มึง,0.75830185,none
C:\Users\muldi\Documents\Playground\University\senior-project-1\dataset\internet\clear\พากย์สุดโต่ง VS พากย์สุขุม.wav,89.95,90.65,มึง,0.5360124,none
C:\Users\muldi\Documents\Playground\University\senior-project-1\dataset\internet\clear\พากย์สุดโต่ง VS พากย์สุขุม.wav,95.9,96.6,มึง,0.5779806,none
C:\Users\muldi\Documents\Playground\University\senior-project-1\dataset\internet\clear\พากย์สุดโต่ง VS พากย์สุขุม.wav,106.4,107.1,มึง,0.6819732,none
C:\Users\muldi\Documents\Playground\University\senior-project-1\dataset\internet\clear\พากย์สุดโต่ง VS พากย์สุขุม.wav,112.0,112.7,มึง,0.5842912,none
C:\Users\muldi\Documents\Playground\University\senior-project-1\dataset\internet\clear\พากย์สุดโต่ง VS พากย์สุขุม.wav,113.4,114.1,มึง,0.52053696,none
C:\Users\muldi\Documents\Playground\University\senior-project-1\dataset\internet\clear\พากย์สุดโต่ง VS พากย์สุขุม.wav,19.25,19.95,เย็ด,0.51331824,none
C:\Users\muldi\Documents\Playground\University\senior-project-1\dataset\internet\clear\พากย์สุดโต่ง VS พากย์สุขุม.wav,53.55,54.25,เย็ด,0.34929642,none
C:\Users\muldi\Documents\Playground\University\senior-project-1\dataset\internet\clear\พากย์สุดโต่ง VS พากย์สุขุม.wav,114.1,114.8,เย็ด,0.85968053,none
C:\Users\muldi\Documents\Playground\University\senior-project-1\dataset\internet\clear\พากย์สุดโต่ง VS พากย์สุขุม.wav,0.0,3.15,เหี้ย,0.93236226,none
C:\Users\muldi\Documents\Playground\University\senior-project-1\dataset\internet\clear\พากย์สุดโต่ง VS พากย์สุขุม.wav,8.4,9.45,เหี้ย,0.82093567,none
C:\Users\muldi\Documents\Playground\University\senior-project-1\dataset\internet\clear\พากย์สุดโต่ง VS พากย์สุขุม.wav,12.25,12.95,เหี้ย,0.5966177,none
C:\Users\muldi\Documents\Playground\University\senior-project-1\dataset\internet\clear\พากย์สุดโต่ง VS พากย์สุขุม.wav,21.35,22.05,เหี้ย,0.59924334,none
C:\Users\muldi\Documents\Playground\University\senior-project-1\dataset\internet\clear\พากย์สุดโต่ง VS พากย์สุขุม.wav,45.15,46.2,เหี้ย,0.6816618,none
C:\Users\muldi\Documents\Playground\University\senior-project-1\dataset\internet\clear\พากย์สุดโต่ง VS พากย์สุขุม.wav,54.6,55.3,เหี้ย,0.69713616,none
C:\Users\muldi\Documents\Playground\University\senior-project-1\dataset\internet\clear\พากย์สุดโต่ง VS พากย์สุขุม.wav,64.4,65.45,เหี้ย,0.86897486,none
C:\Users\muldi\Documents\Playground\University\senior-project-1\dataset\internet\clear\พากย์สุดโต่ง VS พากย์สุขุม.wav,70.0,70.7,เหี้ย,0.523548,none
C:\Users\muldi\Documents\Playground\University\senior-project-1\dataset\internet\clear\พากย์สุดโต่ง VS พากย์สุขุม.wav,73.85,74.55,เหี้ย,0.5853731,none
C:\Users\muldi\Documents\Playground\University\senior-project-1\dataset\internet\clear\พากย์สุดโต่ง VS พากย์สุขุม.wav,76.3,77.0,เหี้ย,0.516731,none
C:\Users\muldi\Documents\Playground\University\senior-project-1\dataset\internet\clear\พากย์สุดโต่ง VS พากย์สุขุม.wav,79.1,79.8,เหี้ย,0.59447694,none
C:\Users\muldi\Documents\Playground\University\senior-project-1\dataset\internet\clear\พากย์สุดโต่ง VS พากย์สุขุม.wav,86.8,87.5,เหี้ย,0.523966,none
C:\Users\muldi\Documents\Playground\University\senior-project-1\dataset\internet\clear\พากย์สุดโต่ง VS พากย์สุขุม.wav,91.7,93.8,เหี้ย,0.9311331,none
C:\Users\muldi\Documents\Playground\University\senior-project-1\dataset\internet\clear\พากย์สุดโต่ง VS พากย์สุขุม.wav,94.15,94.85,เหี้ย,0.5039771,none
C:\Users\muldi\Documents\Playground\University\senior-project-1\dataset\internet\clear\พากย์สุดโต่ง VS พากย์สุขุม.wav,97.3,98.0,เหี้ย,0.5738778,none
C:\Users\muldi\Documents\Playground\University\senior-project-1\dataset\internet\clear\พากย์สุดโต่ง VS พากย์สุขุม.wav,98.35,99.05,เหี้ย,0.8052464,none
C:\Users\muldi\Documents\Playground\University\senior-project-1\dataset\internet\clear\พากย์สุดโต่ง VS พากย์สุขุม.wav,107.8,108.5,เหี้ย,0.51527727,none
C:\Users\muldi\Documents\Playground\University\senior-project-1\dataset\internet\clear\มันไปเล่นเอไอเอสชั่วโมงละ60บาท.wav,2.1,2.8,กู,0.5177148,none
C:\Users\muldi\Documents\Playground\University\senior-project-1\dataset\internet\clear\มันไปเล่นเอไอเอสชั่วโมงละ60บาท.wav,3.5,4.55,กู,0.5777106,กู
C:\Users\muldi\Documents\Playground\University\senior-project-1\dataset\internet\clear\มันไปเล่นเอไอเอสชั่วโมงละ60บาท.wav,1.75,2.45,เย็ด,0.4798661,none
C:\Users\muldi\Documents\Playground\University\senior-project-1\dataset\internet\clear\มันไปเล่นเอไอเอสชั่วโมงละ60บาท.wav,5.6,7.35,เย็ด,0.92451084,none
C:\Users\muldi\Documents\Playground\University\senior-project-1\dataset\internet\clear\มันไปเล่นเอไอเอสชั่วโมงละ60บาท.wav,0.0,2.1,เหี้ย,0.93236226,none
C:\Users\muldi\Documents\Playground\University\senior-project-1\dataset\internet\clear\มันไปเล่นเอไอเอสชั่วโมงละ60บาท.wav,7.0,9.45,เหี้ย,0.8601677,none
C:\Users\muldi\Documents\Playground\University\senior-project-1\dataset\internet\clear\มันไปเล่นเอไอเอสชั่วโมงละ60บาท.wav,9.8,10.85,เหี้ย,0.81310165,none
C:\Users\muldi\Documents\Playground\University\senior-project-1\dataset\internet\clear\รายการเย็ดแม่.wav,19.25,20.3,กู,0.77805316,none
C:\Users\muldi\Documents\Playground\University\senior-project-1\dataset\internet\clear\รายการเย็ดแม่.wav,23.1,23.8,กู,0.55030984,none
C:\Users\muldi\Documents\Playground\University\senior-project-1\dataset\internet\clear\รายการเย็ดแม่.wav,24.15,24.85,กู,0.5335175,none
C:\Users\muldi\Documents\Playground\University\senior-project-1\dataset\internet\clear\รายการเย็ดแม่.wav,42.7,43.4,กู,0.7747962,none
C:\Users\muldi\Documents\Playground\University\senior-project-1\dataset\internet\clear\รายการเย็ดแม่.wav,72.45,73.15,กู,0.55967444,none
C:\Users\muldi\Documents\Playground\University\senior-project-1\dataset\internet\clear\รายการเย็ดแม่.wav,74.9,75.6,กู,0.55527955,none
C:\Users\muldi\Documents\Playground\University\senior-project-1\dataset\internet\clear\รายการเย็ดแม่.wav,92.05,92.75,กู,0.76513016,กู
C:\Users\muldi\Documents\Playground\University\senior-project-1\dataset\internet\clear\รายการเย็ดแม่.wav,108.5,109.2,กู,0.6010569,เย็ด
C:\Users\muldi\Documents\Playground\University\senior-project-1\dataset\internet\clear\รายการเย็ดแม่.wav,113.05,113.75,กู,0.55478984,none
C:\Users\muldi\Documents\Playground\University\senior-project-1\dataset\internet\clear\รายการเย็ดแม่.wav,124.95,126.35,กู,0.76053023,none
C:\Users\muldi\Documents\Playground\University\senior-project-1\dataset\internet\clear\รายการเย็ดแม่.wav,129.85,130.55,กู,0.60856014,none
C:\Users\muldi\Documents\Playground\University\senior-project-1\dataset\internet\clear\รายการเย็ดแม่.wav,138.6,139.3,กู,0.49430144,none
C:\Users\muldi\Documents\Playground\University\senior-project-1\dataset\internet\clear\รายการเย็ดแม่.wav,142.45,143.15,กู,0.654438,none
C:\Users\muldi\Documents\Playground\University\senior-project-1\dataset\internet\clear\รายการเย็ดแม่.wav,145.25,145.95,กู,0.8190813,none
C:\Users\muldi\Documents\Playground\University\senior-project-1\dataset\internet\clear\รายการเย็ดแม่.wav,154.35,155.05,กู,0.66155297,none
C:\Users\muldi\Documents\Playground\University\senior-project-1\dataset\internet\clear\รายการเย็ดแม่.wav,159.95,160.65,กู,0.63429207,none
C:\Users\muldi\Documents\Playground\University\senior-project-1\dataset\internet\clear\รายการเย็ดแม่.wav,161.7,162.4,กู,0.5496259,none
C:\Users\muldi\Documents\Playground\University\senior-project-1\dataset\internet\clear\รายการเย็ดแม่.wav,169.05,169.75,กู,0.6221255,none
C:\Users\muldi\Documents\Playground\University\senior-project-1\dataset\internet\clear\รายการเย็ดแม่.wav,170.1,171.15,กู,0.8315771,มึง
C:\Users\muldi\Documents\Playground\University\senior-project-1\dataset\internet\clear\รายการเย็ดแม่.wav,173.95,174.65,กู,0.5074829,none
C:\Users\muldi\Documents\Playground\University\senior-project-1\dataset\internet\clear\รายการเย็ดแม่.wav,204.75,205.8,กู,0.72878975,กู
C:\Users\muldi\Documents\Playground\University\senior-project-1\dataset\internet\clear\รายการเย็ดแม่.wav,206.85,207.55,กู,0.5353821,กู
C:\Users\muldi\Documents\Playground\University\senior-project-1\dataset\internet\clear\รายการเย็ดแม่.wav,213.85,214.55,กู,0.6860762,none
C:\Users\muldi\Documents\Playground\University\senior-project-1\dataset\internet\clear\รายการเย็ดแม่.wav,220.5,221.2,กู,0.7399297,none
C:\Users\muldi\Documents\Playground\University\senior-project-1\dataset\internet\clear\รายการเย็ดแม่.wav,236.6,237.65,กู,0.8464477,none
C:\Users\muldi\Documents\Playground\University\senior-project-1\dataset\internet\clear\รายการเย็ดแม่.wav,244.65,246.05,กู,0.7562377,none
C:\Users\muldi\Documents\Playground\University\senior-project-1\dataset\internet\clear\รายการเย็ดแม่.wav,247.8,248.5,กู,0.5259414,none
C:\Users\muldi\Documents\Playground\University\senior-project-1\dataset\internet\clear\รายการเย็ดแม่.wav,249.9,250.6,กู,0.73339754,none
C:\Users\muldi\Documents\Playground\University\senior-project-1\dataset\internet\clear\รายการเย็ดแม่.wav,252.7,253.4,กู,0.747882,none
C:\Users\muldi\Documents\Playground\University\senior-project-1\dataset\internet\clear\รายการเย็ดแม่.wav,254.8,255.5,กู,0.86573744,กู
C:\Users\muldi\Documents\Playground\University\senior-project-1\dataset\internet\clear\รายการเย็ดแม่.wav,257.6,258.65,กู,0.7826986,none
C:\Users\muldi\Documents\Playground\University\senior-project-1\dataset\internet\clear\รายการเย็ดแม่.wav,262.5,263.55,กู,0.80800205,none
C:\Users\muldi\Documents\Playground\University\senior-project-1\dataset\internet\clear\รายการเย็ดแม่.wav,264.95,265.65,กู,0.5374487,none
C:\Users\muldi\Documents\Playground\University\senior-project-1\dataset\internet\clear\รายการเย็ดแม่.wav,275.45,276.15,กู,0.79024523,none
C:\Users\muldi\Documents\Playground\University\senior-project-1\dataset\internet\clear\รายการเย็ดแม่.wav,277.55,278.25,กู,0.8265097,none
C:\Users\muldi\Documents\Playground\University\senior-project-1\dataset\internet\clear\รายการเย็ดแม่.wav,283.5,284.9,กู,0.8182119,none
C:\Users\muldi\Documents\Playground\University\senior-project-1\dataset\internet\clear\รายการเย็ดแม่.wav,285.25,285.95,กู,0.7463697,none
C:\Users\muldi\Documents\Playground\University\senior-project-1\dataset\internet\clear\รายการเย็ดแม่.wav,287.7,288.75,กู,0.81708634,none
C:\Users\muldi\Documents\Playground\University\senior-project-1\dataset\internet\clear\รายการเย็ดแม่.wav,294.7,295.75,กู,0.8264838,none
C:\Users\muldi\Documents\Playground\University\senior-project-1\dataset\internet\clear\รายการเย็ดแม่.wav,298.55,299.25,กู,0.64413434,none
C:\Users\muldi\Documents\Playground\University\senior-project-1\dataset\internet\clear\รายการเย็ดแม่.wav,299.6,300.3,กู,0.6080268,กู
C:\Users\muldi\Documents\Playground\University\senior-project-1\dataset\internet\clear\รายการเย็ดแม่.wav,306.95,307.65,กู,0.5372507,none
C:\Users\muldi\Documents\Playground\University\senior-project-1\dataset\internet\clear\รายการเย็ดแม่.wav,310.45,311.5,กู,0.6450774,none
C:\Users\muldi\Documents\Playground\University\senior-project-1\dataset\internet\clear\รายการเย็ดแม่.wav,316.75,317.45,กู,0.6763059,none
C:\Users\muldi\Documents\Playground\University\senior-project-1\dataset\internet\clear\รายการเย็ดแม่.wav,321.3,322.0,กู,0.6338397,none
C:\Users\muldi\Documents\Playground\University\senior-project-1\dataset\internet\clear\รายการเย็ดแม่.wav,328.3,329.35,กู,0.7835969,none
C:\Users\muldi\Documents\Playground\University\senior-project-1\dataset\internet\clear\รายการเย็ดแม่.wav,335.3,336.7,กู,0.79304177,none
C:\Users\muldi\Documents\Playground\University\senior-project-1\dataset\internet\clear\รายการเย็ดแม่.wav,337.4,338.8,กู,0.7257831,none
C:\Users\muldi\Documents\Playground\University\senior-project-1\dataset\internet\clear\รายการเย็ดแม่.wav,339.5,340.2,กู,0.62256575,none
C:\Users\muldi\Documents\Playground\University\senior-project-1\dataset\internet\clear\รายการเย็ดแม่.wav,344.4,345.1,กู,0.628048,none
C:\Users\muldi\Documents\Playground\University\senior-project-1\dataset\internet\clear\รายการเย็ดแม่.wav,359.8,360.5,กู,0.77107924,none
C:\Users\muldi\Documents\Playground\University\senior-project-1\dataset\internet\clear\รายการเย็ดแม่.wav,361.2,361.9,กู,0.7997836,none
C:\Users\muldi\Documents\Playground\University\senior-project-1\dataset\internet\clear\รายการเย็ดแม่.wav,369.6,370.3,กู,0.6573734,none
C:\Users\muldi\Documents\Playground\University\senior-project-1\dataset\internet\clear\รายการเย็ดแม่.wav,372.75,373.45,กู,0.5088318,none
C:\Users\muldi\Documents\Playground\University\senior-project-1\dataset\internet\clear\รายการเย็ดแม่.wav,376.25,376.95,กู,0.60348946,none
C:\Users\muldi\Documents\Playground\University\senior-project-1\dataset\internet\clear\รายการเย็ดแม่.wav,380.1,380.8,กู,0.6905893,none
C:\Users\muldi\Documents\Playground\University\senior-project-1\dataset\internet\clear\รายการเย็ดแม่.wav,393.75,394.45,กู,0.8050141,none
C:\Users\muldi\Documents\Playground\University\senior-project-1\dataset\internet\clear\รายการเย็ดแม่.wav,401.45,402.5,กู,0.7997363,none
C:\Users\muldi\Documents\Playground\University\senior-project-1\dataset\internet\clear\รายการเย็ดแม่.wav,404.6,405.3,กู,0.5824234,กู
C:\Users\muldi\Documents\Playground\University\senior-project-1\dataset\internet\clear\รายการเย็ดแม่.wav,409.15,410.2,กู,0.56117016,none
C:\Users\muldi\Documents\Playground\University\senior-project-1\dataset\internet\clear\รายการเย็ดแม่.wav,411.25,412.3,กู,0.6891512,none
C:\Users\muldi\Documents\Playground\University\senior-project-1\dataset\internet\clear\รายการเย็ดแม่.wav,419.65,420.7,กู,0.53369325,none
C:\Users\muldi\Documents\Playground\University\senior-project-1\dataset\internet\clear\รายการเย็ดแม่.wav,422.1,422.8,กู,0.804568,none
C:\Users\muldi\Documents\Playground\University\senior-project-1\dataset\internet\clear\รายการเย็ดแม่.wav,427.0,428.05,กู,0.753903,none
C:\Users\muldi\Documents\Playground\University\senior-project-1\dataset\internet\clear\รายการเย็ดแม่.wav,446.6,447.3,กู,0.74793524,none
C:\Users\muldi\Documents\Playground\University\senior-project-1\dataset\internet\clear\รายการเย็ดแม่.wav,447.65,448.35,กู,0.8057678,none
C:\Users\muldi\Documents\Playground\University\senior-project-1\dataset\internet\clear\รายการเย็ดแม่.wav,457.1,457.8,กู,0.6442835,none
C:\Users\muldi\Documents\Playground\University\senior-project-1\dataset\internet\clear\รายการเย็ดแม่.wav,463.05,463.75,กู,0.47842437,none
C:\Users\muldi\Documents\Playground\University\senior-project-1\dataset\internet\clear\รายการเย็ดแม่.wav,465.15,465.85,กู,0.82663006,none
C:\Users\muldi\Documents\Playground\University\senior-project-1\dataset\internet\clear\รายการเย็ดแม่.wav,466.55,467.6,กู,0.77117956,none
C:\Users\muldi\Documents\Playground\University\senior-project-1\dataset\internet\clear\รายการเย็ดแม่.wav,469.7,470.75,กู,0.7309176,none
C:\Users\muldi\Documents\Playground\University\senior-project-1\dataset\internet\clear\รายการเย็ดแม่.wav,474.25,475.3,กู,0.72297657,none
C:\Users\muldi\Documents\Playground\University\senior-project-1\dataset\internet\clear\รายการเย็ดแม่.wav,477.75,478.8,กู,0.74487627,none
C:\Users\muldi\Documents\Playground\University\senior-project-1\dataset\internet\clear\รายการเย็ดแม่.wav,482.65,483.35,กู,0.77148247,กู
C:\Users\muldi\Documents\Playground\University\senior-project-1\dataset\internet\clear\รายการเย็ดแม่.wav,490.35,491.4,กู,0.82127935,none
C:\Users\muldi\Documents\Playground\University\senior-project-1\dataset\internet\clear\รายการเย็ดแม่.wav,493.5,494.2,กู,0.52816945,กู
C:\Users\muldi\Documents\Playground\University\senior-project-1\dataset\internet\clear\รายการเย็ดแม่.wav,516.95,517.65,กู,0.69732946,กู
C:\Users\muldi\Documents\Playground\University\senior-project-1\dataset\internet\clear\รายการเย็ดแม่.wav,521.5,522.2,กู,0.5761473,none
C:\Users\muldi\Documents\Playground\University\senior-project-1\dataset\internet\clear\รายการเย็ดแม่.wav,531.65,532.35,กู,0.593337,none
C:\Users\muldi\Documents\Playground\University\senior-project-1\dataset\internet\clear\รายการเย็ดแม่.wav,554.4,555.1,กู,0.7231235,none
C:\Users\muldi\Documents\Playground\University\senior-project-1\dataset\internet\clear\รายการเย็ดแม่.wav,556.5,557.2,กู,0.7090269,none
C:\Users\muldi\Documents\Playground\University\senior-project-1\dataset\internet\clear\รายการเย็ดแม่.wav,568.05,568.75,กู,0.572112,none
C:\Users\muldi\Documents\Playground\University\senior-project-1\dataset\internet\clear\รายการเย็ดแม่.wav,570.85,571.55,กู,0.7059112,none
C:\Users\muldi\Documents\Playground\University\senior-project-1\dataset\internet\clear\รายการเย็ดแม่.wav,579.25,579.95,กู,0.60983586,none
C:\Users\muldi\Documents\Playground\University\senior-project-1\dataset\internet\clear\รายการเย็ดแม่.wav,580.65,581.35,กู,0.63855356,กู
C:\Users\muldi\Documents\Playground\University\senior-project-1\dataset\internet\clear\รายการเย็ดแม่.wav,598.15,598.85,กู,0.78628695,none
C:\Users\muldi\Documents\Playground\University\senior-project-1\dataset\internet\clear\รายการเย็ดแม่.wav,609.7,611.1,กู,0.66705865,none
C:\Users\muldi\Documents\Playground\University\senior-project-1\dataset\internet\clear\รายการเย็ดแม่.wav,613.55,614.25,กู,0.5884425,none
C:\Users\muldi\Documents\Playground\University\senior-project-1\dataset\internet\clear\รายการเย็ดแม่.wav,616.0,617.4,กู,0.8118649,none
C:\Users\muldi\Documents\Playground\University\senior-project-1\dataset\internet\clear\รายการเย็ดแม่.wav,619.85,620.55,กู,0.75622034,none
C:\Users\muldi\Documents\Playground\University\senior-project-1\dataset\internet\clear\รายการเย็ดแม่.wav,627.9,628.6,กู,0.5565645,none
C:\Users\muldi\Documents\Playground\University\senior-project-1\dataset\internet\clear\รายการเย็ดแม่.wav,628.95,629.65,กู,0.85825276,none
C:\Users\muldi\Documents\Playground\University\senior-project-1\dataset\internet\clear\รายการเย็ดแม่.wav,634.55,635.95,กู,0.7914061,none
C:\Users\muldi\Documents\Playground\University\senior-project-1\dataset\internet\clear\รายการเย็ดแม่.wav,649.25,651.7,กู,0.8668794,none
C:\Users\muldi\Documents\Playground\University\senior-project-1\dataset\internet\clear\รายการเย็ดแม่.wav,679.35,680.05,กู,0.5154665,none
C:\Users\muldi\Documents\Playground\University\senior-project-1\dataset\internet\clear\รายการเย็ดแม่.wav,684.6,685.65,กู,0.7510553,none
C:\Users\muldi\Documents\Playground\University\senior-project-1\dataset\internet\clear\รายการเย็ดแม่.wav,688.8,689.5,กู,0.5018819,none
C:\Users\muldi\Documents\Playground\University\senior-project-1\dataset\internet\clear\รายการเย็ดแม่.wav,689.85,691.25,กู,0.8129146,none
C:\Users\muldi\Documents\Playground\University\senior-project-1\dataset\internet\clear\รายการเย็ดแม่.wav,711.9,712.6,กู,0.56849754,none
C:\Users\muldi\Documents\Playground\University\senior-project-1\dataset\internet\clear\รายการเย็ดแม่.wav,713.3,714.35,กู,0.7956832,กู
C:\Users\muldi\Documents\Playground\University\senior-project-1\dataset\internet\clear\รายการเย็ดแม่.wav,715.4,716.1,กู,0.567858,none
C:\Users\muldi\Documents\Playground\University\senior-project-1\dataset\internet\clear\รายการเย็ดแม่.wav,724.85,725.55,กู,0.57723224,none
C:\Users\muldi\Documents\Playground\University\senior-project-1\dataset\internet\clear\รายการเย็ดแม่.wav,730.1,730.8,กู,0.5427564,none
C:\Users\muldi\Documents\Playground\University\senior-project-1\dataset\internet\clear\รายการเย็ดแม่.wav,740.6,741.3,กู,0.7744471,none
C:\Users\muldi\Documents\Playground\University\senior-project-1\dataset\internet\clear\รายการเย็ดแม่.wav,743.4,744.1,กู,0.55411553,none
C:\Users\muldi\Documents\Playground\University\senior-project-1\dataset\internet\clear\รายการเย็ดแม่.wav,747.6,750.05,กู,0.7736508,none
C:\Users\muldi\Documents\Playground\University\senior-project-1\dataset\internet\clear\รายการเย็ดแม่.wav,751.1,752.15,กู,0.85669625,none
C:\Users\muldi\Documents\Playground\University\senior-project-1\dataset\internet\clear\รายการเย็ดแม่.wav,761.25,761.95,กู,0.54389226,none
C:\Users\muldi\Documents\Playground\University\senior-project-1\dataset\internet\clear\รายการเย็ดแม่.wav,772.8,775.6,กู,0.7834945,none
C:\Users\muldi\Documents\Playground\University\senior-project-1\dataset\internet\clear\รายการเย็ดแม่.wav,806.4,807.1,กู,0.76288605,none
C:\Users\muldi\Documents\Playground\University\senior-project-1\dataset\internet\clear\รายการเย็ดแม่.wav,818.65,819.7,กู,0.83534235,กู
C:\Users\muldi\Documents\Playground\University\senior-project-1\dataset\internet\clear\รายการเย็ดแม่.wav,826.35,827.05,กู,0.78068507,none
C:\Users\muldi\Documents\Playground\University\senior-project-1\dataset\internet\clear\รายการเย็ดแม่.wav,828.1,829.85,กู,0.6906456,none
C:\Users\muldi\Documents\Playground\University\senior-project-1\dataset\internet\clear\รายการเย็ดแม่.wav,841.75,842.45,กู,0.61361045,none
C:\Users\muldi\Documents\Playground\University\senior-project-1\dataset\internet\clear\รายการเย็ดแม่.wav,846.3,847.35,กู,0.72891754,none
C:\Users\muldi\Documents\Playground\University\senior-project-1\dataset\internet\clear\รายการเย็ดแม่.wav,848.05,848.75,กู,0.66328204,none
C:\Users\muldi\Documents\Playground\University\senior-project-1\dataset\internet\clear\รายการเย็ดแม่.wav,854.35,855.05,กู,0.5761609,none
C:\Users\muldi\Documents\Playground\University\senior-project-1\dataset\internet\clear\รายการเย็ดแม่.wav,873.6,874.3,กู,0.5152059,none
C:\Users\muldi\Documents\Playground\University\senior-project-1\dataset\internet\clear\รายการเย็ดแม่.wav,876.75,877.45,กู,0.75872177,กู
C:\Users\muldi\Documents\Playground\University\senior-project-1\dataset\internet\clear\รายการเย็ดแม่.wav,879.2,879.9,กู,0.6988835,กู
C:\Users\muldi\Documents\Playground\University\senior-project-1\dataset\internet\clear\รายการเย็ดแม่.wav,880.95,882.0,กู,0.6697993,none
C:\Users\muldi\Documents\Playground\University\senior-project-1\dataset\internet\clear\รายการเย็ดแม่.wav,889.7,890.4,กู,0.5877879,none
C:\Users\muldi\Documents\Playground\University\senior-project-1\dataset\internet\clear\รายการเย็ดแม่.wav,891.8,892.5,กู,0.6854304,none
C:\Users\muldi\Documents\Playground\University\senior-project-1\dataset\internet\clear\รายการเย็ดแม่.wav,895.3,896.0,กู,0.5835271,none
C:\Users\muldi\Documents\Playground\University\senior-project-1\dataset\internet\clear\รายการเย็ดแม่.wav,904.75,905.45,กู,0.5937649,none
C:\Users\muldi\Documents\Playground\University\senior-project-1\dataset\internet\clear\รายการเย็ดแม่.wav,907.9,908.6,กู,0.6331334,none
C:\Users\muldi\Documents\Playground\University\senior-project-1\dataset\internet\clear\รายการเย็ดแม่.wav,925.75,926.45,กู,0.55469346,none
C:\Users\muldi\Documents\Playground\University\senior-project-1\dataset\internet\clear\รายการเย็ดแม่.wav,943.6,944.65,กู,0.84004384,กู
C:\Users\muldi\Documents\Playground\University\senior-project-1\dataset\internet\clear\รายการเย็ดแม่.wav,947.45,948.15,กู,0.6243041,none
C:\Users\muldi\Documents\Playground\University\senior-project-1\dataset\internet\clear\รายการเย็ดแม่.wav,949.2,949.9,กู,0.5829797,none
C:\Users\muldi\Documents\Playground\University\senior-project-1\dataset\internet\clear\รายการเย็ดแม่.wav,955.5,956.2,กู,0.56662744,กู
C:\Users\muldi\Documents\Playground\University\senior-project-1\dataset\internet\clear\รายการเย็ดแม่.wav,956.55,957.25,กู,0.5275564,none
C:\Users\muldi\Documents\Playground\University\senior-project-1\dataset\internet\clear\รายการเย็ดแม่.wav,966.0,966.7,กู,0.8179338,none
C:\Users\muldi\Documents\Playground\University\senior-project-1\dataset\internet\clear\รายการเย็ดแม่.wav,0.0,0.7,มึง,0.7676597,none
C:\Users\muldi\Documents\Playground\University\senior-project-1\dataset\internet\clear\รายการเย็ดแม่.wav,3.5,4.55,มึง,0.656291,none
C:\Users\muldi\Documents\Playground\University\senior-project-1\dataset\internet\clear\รายการเย็ดแม่.wav,5.95,6.65,มึง,0.5383344,none
C:\Users\muldi\Documents\Playground\University\senior-project-1\dataset\internet\clear\รายการเย็ดแม่.wav,12.25,12.95,มึง,0.62123346,none
C:\Users\muldi\Documents\Playground\University\senior-project-1\dataset\internet\clear\รายการเย็ดแม่.wav,13.3,14.0,มึง,0.5434131,none
C:\Users\muldi\Documents\Playground\University\senior-project-1\dataset\internet\clear\รายการเย็ดแม่.wav,14.7,15.75,มึง,0.6974651,none
C:\Users\muldi\Documents\Playground\University\senior-project-1\dataset\internet\clear\รายการเย็ดแม่.wav,44.1,45.5,มึง,0.88809425,none
C:\Users\muldi\Documents\Playground\University\senior-project-1\dataset\internet\clear\รายการเย็ดแม่.wav,63.35,64.4,มึง,0.6671868,none
C:\Users\muldi\Documents\Playground\University\senior-project-1\dataset\internet\clear\รายการเย็ดแม่.wav,64.75,65.8,มึง,0.6766146,none
C:\Users\muldi\Documents\Playground\University\senior-project-1\dataset\internet\clear\รายการเย็ดแม่.wav,71.75,72.45,มึง,0.643176,none
C:\Users\muldi\Documents\Playground\University\senior-project-1\dataset\internet\clear\รายการเย็ดแม่.wav,92.75,93.45,มึง,0.81418526,none
C:\Users\muldi\Documents\Playground\University\senior-project-1\dataset\internet\clear\รายการเย็ดแม่.wav,97.65,98.35,มึง,0.5033384,none
C:\Users\muldi\Documents\Playground\University\senior-project-1\dataset\internet\clear\รายการเย็ดแม่.wav,114.45,115.15,มึง,0.77442944,เย็ด
C:\Users\muldi\Documents\Playground\University\senior-project-1\dataset\internet\clear\รายการเย็ดแม่.wav,124.25,124.95,มึง,0.5212072,none
C:\Users\muldi\Documents\Playground\University\senior-project-1\dataset\internet\clear\รายการเย็ดแม่.wav,133.0,133.7,มึง,0.6443244,none
C:\Users\muldi\Documents\Playground\University\senior-project-1\dataset\internet\clear\รายการเย็ดแม่.wav,141.05,142.1,มึง,0.6303371,none
C:\Users\muldi\Documents\Playground\University\senior-project-1\dataset\internet\clear\รายการเย็ดแม่.wav,144.9,145.6,มึง,0.57537866,none
C:\Users\muldi\Documents\Playground\University\senior-project-1\dataset\internet\clear\รายการเย็ดแม่.wav,148.05,148.75,มึง,0.57356936,none
C:\Users\muldi\Documents\Playground\University\senior-project-1\dataset\internet\clear\รายการเย็ดแม่.wav,149.45,150.15,มึง,0.53000784,none
C:\Users\muldi\Documents\Playground\University\senior-project-1\dataset\internet\clear\รายการเย็ดแม่.wav,152.25,153.65,มึง,0.76739216,none
C:\Users\muldi\Documents\Playground\University\senior-project-1\dataset\internet\clear\รายการเย็ดแม่.wav,154.7,155.4,มึง,0.65357745,none
C:\Users\muldi\Documents\Playground\University\senior-project-1\dataset\internet\clear\รายการเย็ดแม่.wav,157.85,158.9,มึง,0.7453016,none
C:\Users\muldi\Documents\Playground\University\senior-project-1\dataset\internet\clear\รายการเย็ดแม่.wav,163.45,164.15,มึง,0.69180304,none
C:\Users\muldi\Documents\Playground\University\senior-project-1\dataset\internet\clear\รายการเย็ดแม่.wav,169.4,170.45,มึง,0.77086914,none
C:\Users\muldi\Documents\Playground\University\senior-project-1\dataset\internet\clear\รายการเย็ดแม่.wav,182.7,183.4,มึง,0.76921576,none
C:\Users\muldi\Documents\Playground\University\senior-project-1\dataset\internet\clear\รายการเย็ดแม่.wav,189.0,190.05,มึง,0.7328715,none
C:\Users\muldi\Documents\Playground\University\senior-project-1\dataset\internet\clear\รายการเย็ดแม่.wav,191.45,192.15,มึง,0.7082723,none
C:\Users\muldi\Documents\Playground\University\senior-project-1\dataset\internet\clear\รายการเย็ดแม่.wav,195.65,196.35,มึง,0.5802264,none
C:\Users\muldi\Documents\Playground\University\senior-project-1\dataset\internet\clear\รายการเย็ดแม่.wav,197.4,198.1,มึง,0.6519219,none
C:\Users\muldi\Documents\Playground\University\senior-project-1\dataset\internet\clear\รายการเย็ดแม่.wav,220.85,222.25,มึง,0.86036175,none
C:\Users\muldi\Documents\Playground\University\senior-project-1\dataset\internet\clear\รายการเย็ดแม่.wav,231.35,232.05,มึง,0.6444774,none
C:\Users\muldi\Documents\Playground\University\senior-project-1\dataset\internet\clear\รายการเย็ดแม่.wav,234.5,235.55,มึง,0.8165966,none
C:\Users\muldi\Documents\Playground\University\senior-project-1\dataset\internet\clear\รายการเย็ดแม่.wav,236.25,236.95,มึง,0.69298023,none
C:\Users\muldi\Documents\Playground\University\senior-project-1\dataset\internet\clear\รายการเย็ดแม่.wav,238.35,239.75,มึง,0.70791566,none
C:\Users\muldi\Documents\Playground\University\senior-project-1\dataset\internet\clear\รายการเย็ดแม่.wav,243.25,243.95,มึง,0.5732519,มึง
C:\Users\muldi\Documents\Playground\University\senior-project-1\dataset\internet\clear\รายการเย็ดแม่.wav,246.05,246.75,มึง,0.52718294,มึง
C:\Users\muldi\Documents\Playground\University\senior-project-1\dataset\internet\clear\รายการเย็ดแม่.wav,288.75,289.45,มึง,0.57051355,none
C:\Users\muldi\Documents\Playground\University\senior-project-1\dataset\internet\clear\รายการเย็ดแม่.wav,291.55,292.25,มึง,0.6240473,none
C:\Users\muldi\Documents\Playground\University\senior-project-1\dataset\internet\clear\รายการเย็ดแม่.wav,301.35,303.1,มึง,0.81784594,none
C:\Users\muldi\Documents\Playground\University\senior-project-1\dataset\internet\clear\รายการเย็ดแม่.wav,304.15,304.85,มึง,0.55222636,none
C:\Users\muldi\Documents\Playground\University\senior-project-1\dataset\internet\clear\รายการเย็ดแม่.wav,312.9,313.6,มึง,0.48712093,none
C:\Users\muldi\Documents\Playground\University\senior-project-1\dataset\internet\clear\รายการเย็ดแม่.wav,318.5,319.2,มึง,0.7566421,none
C:\Users\muldi\Documents\Playground\University\senior-project-1\dataset\internet\clear\รายการเย็ดแม่.wav,326.2,326.9,มึง,0.54663104,none
C:\Users\muldi\Documents\Playground\University\senior-project-1\dataset\internet\clear\รายการเย็ดแม่.wav,332.85,333.55,มึง,0.54218876,none
C:\Users\muldi\Documents\Playground\University\senior-project-1\dataset\internet\clear\รายการเย็ดแม่.wav,336.7,337.4,มึง,0.69081706,none
C:\Users\muldi\Documents\Playground\University\senior-project-1\dataset\internet\clear\รายการเย็ดแม่.wav,341.25,342.65,มึง,0.82319206,none
C:\Users\muldi\Documents\Playground\University\senior-project-1\dataset\internet\clear\รายการเย็ดแม่.wav,344.75,345.45,มึง,0.5091925,none
C:\Users\muldi\Documents\Playground\University\senior-project-1\dataset\internet\clear\รายการเย็ดแม่.wav,345.8,349.65,มึง,0.88604885,none
C:\Users\muldi\Documents\Playground\University\senior-project-1\dataset\internet\clear\รายการเย็ดแม่.wav,352.45,353.15,มึง,0.6268555,none
C:\Users\muldi\Documents\Playground\University\senior-project-1\dataset\internet\clear\รายการเย็ดแม่.wav,353.5,354.55,มึง,0.77158,none
C:\Users\muldi\Documents\Playground\University\senior-project-1\dataset\internet\clear\รายการเย็ดแม่.wav,355.95,357.0,มึง,0.72044325,none
C:\Users\muldi\Documents\Playground\University\senior-project-1\dataset\internet\clear\รายการเย็ดแม่.wav,357.7,358.4,มึง,0.6817087,none
C:\Users\muldi\Documents\Playground\University\senior-project-1\dataset\internet\clear\รายการเย็ดแม่.wav,360.5,361.2,มึง,0.6128205,none
C:\Users\muldi\Documents\Playground\University\senior-project-1\dataset\internet\clear\รายการเย็ดแม่.wav,365.75,366.45,มึง,0.671132,none
C:\Users\muldi\Documents\Playground\University\senior-project-1\dataset\internet\clear\รายการเย็ดแม่.wav,371.7,372.4,มึง,0.7016349,none
C:\Users\muldi\Documents\Playground\University\senior-project-1\dataset\internet\clear\รายการเย็ดแม่.wav,378.7,379.4,มึง,0.6617795,none
C:\Users\muldi\Documents\Playground\University\senior-project-1\dataset\internet\clear\รายการเย็ดแม่.wav,382.9,383.95,มึง,0.69704247,none
C:\Users\muldi\Documents\Playground\University\senior-project-1\dataset\internet\clear\รายการเย็ดแม่.wav,385.7,386.4,มึง,0.5254446,none
C:\Users\muldi\Documents\Playground\University\senior-project-1\dataset\internet\clear\รายการเย็ดแม่.wav,387.8,388.5,มึง,0.5725388,none
C:\Users\muldi\Documents\Playground\University\senior-project-1\dataset\internet\clear\รายการเย็ดแม่.wav,388.85,389.55,มึง,0.6501376,none
C:\Users\muldi\Documents\Playground\University\senior-project-1\dataset\internet\clear\รายการเย็ดแม่.wav,390.95,391.65,มึง,0.7061473,none
C:\Users\muldi\Documents\Playground\University\senior-project-1\dataset\internet\clear\รายการเย็ดแม่.wav,400.05,401.1,มึง,0.6471661,none
C:\Users\muldi\Documents\Playground\University\senior-project-1\dataset\internet\clear\รายการเย็ดแม่.wav,402.15,402.85,มึง,0.79442376,none
C:\Users\muldi\Documents\Playground\University\senior-project-1\dataset\internet\clear\รายการเย็ดแม่.wav,414.4,415.1,มึง,0.56811553,none
C:\Users\muldi\Documents\Playground\University\senior-project-1\dataset\internet\clear\รายการเย็ดแม่.wav,417.55,418.25,มึง,0.79760575,none
C:\Users\muldi\Documents\Playground\University\senior-project-1\dataset\internet\clear\รายการเย็ดแม่.wav,430.85,431.55,มึง,0.579586,none
C:\Users\muldi\Documents\Playground\University\senior-project-1\dataset\internet\clear\รายการเย็ดแม่.wav,438.9,439.6,มึง,0.5012626,none
C:\Users\muldi\Documents\Playground\University\senior-project-1\dataset\internet\clear\รายการเย็ดแม่.wav,463.4,464.45,มึง,0.8352315,none
C:\Users\muldi\Documents\Playground\University\senior-project-1\dataset\internet\clear\รายการเย็ดแม่.wav,473.55,474.25,มึง,0.62144244,none
C:\Users\muldi\Documents\Playground\University\senior-project-1\dataset\internet\clear\รายการเย็ดแม่.wav,483.7,484.75,มึง,0.5681061,none
C:\Users\muldi\Documents\Playground\University\senior-project-1\dataset\internet\clear\รายการเย็ดแม่.wav,506.45,507.15,มึง,0.753958,none
C:\Users\muldi\Documents\Playground\University\senior-project-1\dataset\internet\clear\รายการเย็ดแม่.wav,539.0,539.7,มึง,0.70747876,none
C:\Users\muldi\Documents\Playground\University\senior-project-1\dataset\internet\clear\รายการเย็ดแม่.wav,542.5,543.2,มึง,0.56002396,none
C:\Users\muldi\Documents\Playground\University\senior-project-1\dataset\internet\clear\รายการเย็ดแม่.wav,560.0,560.7,มึง,0.68544,มึง
C:\Users\muldi\Documents\Playground\University\senior-project-1\dataset\internet\clear\รายการเย็ดแม่.wav,564.2,564.9,มึง,0.6898788,none
C:\Users\muldi\Documents\Playground\University\senior-project-1\dataset\internet\clear\รายการเย็ดแม่.wav,570.15,570.85,มึง,0.6899584,none
C:\Users\muldi\Documents\Playground\University\senior-project-1\dataset\internet\clear\รายการเย็ดแม่.wav,611.1,611.8,มึง,0.57411337,none
C:\Users\muldi\Documents\Playground\University\senior-project-1\dataset\internet\clear\รายการเย็ดแม่.wav,629.65,630.35,มึง,0.6673317,none
C:\Users\muldi\Documents\Playground\University\senior-project-1\dataset\internet\clear\รายการเย็ดแม่.wav,635.95,636.65,มึง,0.7420128,none
C:\Users\muldi\Documents\Playground\University\senior-project-1\dataset\internet\clear\รายการเย็ดแม่.wav,645.05,645.75,มึง,0.5897156,none
C:\Users\muldi\Documents\Playground\University\senior-project-1\dataset\internet\clear\รายการเย็ดแม่.wav,655.55,656.25,มึง,0.7595142,none
C:\Users\muldi\Documents\Playground\University\senior-project-1\dataset\internet\clear\รายการเย็ดแม่.wav,657.65,658.35,มึง,0.8508817,none
C:\Users\muldi\Documents\Playground\University\senior-project-1\dataset\internet\clear\รายการเย็ดแม่.wav,664.3,665.0,มึง,0.64764065,none
C:\Users\muldi\Documents\Playground\University\senior-project-1\dataset\internet\clear\รายการเย็ดแม่.wav,670.95,671.65,มึง,0.6460618,none
C:\Users\muldi\Documents\Playground\University\senior-project-1\dataset\internet\clear\รายการเย็ดแม่.wav,677.95,678.65,มึง,0.57610613,none
C:\Users\muldi\Documents\Playground\University\senior-project-1\dataset\internet\clear\รายการเย็ดแม่.wav,683.55,684.25,มึง,0.5947043,none
C:\Users\muldi\Documents\Playground\University\senior-project-1\dataset\internet\clear\รายการเย็ดแม่.wav,692.65,693.7,มึง,0.74889064,none
C:\Users\muldi\Documents\Playground\University\senior-project-1\dataset\internet\clear\รายการเย็ดแม่.wav,694.75,695.45,มึง,0.702222,none
C:\Users\muldi\Documents\Playground\University\senior-project-1\dataset\internet\clear\รายการเย็ดแม่.wav,726.95,728.0,มึง,0.59865683,none
C:\Users\muldi\Documents\Playground\University\senior-project-1\dataset\internet\clear\รายการเย็ดแม่.wav,734.65,735.35,มึง,0.59709805,none
C:\Users\muldi\Documents\Playground\University\senior-project-1\dataset\internet\clear\รายการเย็ดแม่.wav,738.85,739.55,มึง,0.63314605,none
C:\Users\muldi\Documents\Playground\University\senior-project-1\dataset\internet\clear\รายการเย็ดแม่.wav,756.0,756.7,มึง,0.63978386,none
C:\Users\muldi\Documents\Playground\University\senior-project-1\dataset\internet\clear\รายการเย็ดแม่.wav,792.4,793.45,มึง,0.8264226,มึง
C:\Users\muldi\Documents\Playground\University\senior-project-1\dataset\internet\clear\รายการเย็ดแม่.wav,802.55,803.25,มึง,0.57972115,none
C:\Users\muldi\Documents\Playground\University\senior-project-1\dataset\internet\clear\รายการเย็ดแม่.wav,804.3,805.0,มึง,0.49399975,none
C:\Users\muldi\Documents\Playground\University\senior-project-1\dataset\internet\clear\รายการเย็ดแม่.wav,830.55,831.25,มึง,0.7510085,none
C:\Users\muldi\Documents\Playground\University\senior-project-1\dataset\internet\clear\รายการเย็ดแม่.wav,838.6,839.3,มึง,0.5131428,none
C:\Users\muldi\Documents\Playground\University\senior-project-1\dataset\internet\clear\รายการเย็ดแม่.wav,849.45,850.15,มึง,0.63799757,none
C:\Users\muldi\Documents\Playground\University\senior-project-1\dataset\internet\clear\รายการเย็ดแม่.wav,866.25,866.95,มึง,0.5382874,none
C:\Users\muldi\Documents\Playground\University\senior-project-1\dataset\internet\clear\รายการเย็ดแม่.wav,876.05,876.75,มึง,0.5277033,none
C:\Users\muldi\Documents\Playground\University\senior-project-1\dataset\internet\clear\รายการเย็ดแม่.wav,885.5,886.2,มึง,0.85075355,none
C:\Users\muldi\Documents\Playground\University\senior-project-1\dataset\internet\clear\รายการเย็ดแม่.wav,898.45,899.15,มึง,0.6943832,none
C:\Users\muldi\Documents\Playground\University\senior-project-1\dataset\internet\clear\รายการเย็ดแม่.wav,930.65,931.35,มึง,0.7184704,none
C:\Users\muldi\Documents\Playground\University\senior-project-1\dataset\internet\clear\รายการเย็ดแม่.wav,948.15,948.85,มึง,0.579303,none
C:\Users\muldi\Documents\Playground\University\senior-project-1\dataset\internet\clear\รายการเย็ดแม่.wav,950.6,951.3,มึง,0.56974053,none
C:\Users\muldi\Documents\Playground\University\senior-project-1\dataset\internet\clear\รายการเย็ดแม่.wav,954.1,955.15,มึง,0.82394105,none
C:\Users\muldi\Documents\Playground\University\senior-project-1\dataset\internet\clear\รายการเย็ดแม่.wav,963.2,963.9,มึง,0.53270364,none
C:\Users\muldi\Documents\Playground\University\senior-project-1\dataset\internet\clear\รายการเย็ดแม่.wav,28.35,29.05,เย็ด,0.68440574,none
C:\Users\muldi\Documents\Playground\University\senior-project-1\dataset\internet\clear\รายการเย็ดแม่.wav,32.2,32.9,เย็ด,0.9501191,เย็ด
C:\Users\muldi\Documents\Playground\University\senior-project-1\dataset\internet\clear\รายการเย็ดแม่.wav,36.4,37.1,เย็ด,0.64590836,เย็ด
C:\Users\muldi\Documents\Playground\University\senior-project-1\dataset\internet\clear\รายการเย็ดแม่.wav,41.3,44.1,เย็ด,0.93325603,none
C:\Users\muldi\Documents\Playground\University\senior-project-1\dataset\internet\clear\รายการเย็ดแม่.wav,58.45,59.15,เย็ด,0.5283161,none
C:\Users\muldi\Documents\Playground\University\senior-project-1\dataset\internet\clear\รายการเย็ดแม่.wav,93.45,94.15,เย็ด,0.69507754,เย็ด
C:\Users\muldi\Documents\Playground\University\senior-project-1\dataset\internet\clear\รายการเย็ดแม่.wav,107.1,107.8,เย็ด,0.5897443,เย็ด
C:\Users\muldi\Documents\Playground\University\senior-project-1\dataset\internet\clear\รายการเย็ดแม่.wav,130.9,131.6,เย็ด,0.73151726,none
C:\Users\muldi\Documents\Playground\University\senior-project-1\dataset\internet\clear\รายการเย็ดแม่.wav,150.85,151.55,เย็ด,0.92585474,เย็ด
C:\Users\muldi\Documents\Playground\University\senior-project-1\dataset\internet\clear\รายการเย็ดแม่.wav,154.0,154.7,เย็ด,0.46832958,none
C:\Users\muldi\Documents\Playground\University\senior-project-1\dataset\internet\clear\รายการเย็ดแม่.wav,208.6,209.3,เย็ด,0.93595695,เหี้ย
C:\Users\muldi\Documents\Playground\University\senior-project-1\dataset\internet\clear\รายการเย็ดแม่.wav,254.45,255.15,เย็ด,0.5268524,none
C:\Users\muldi\Documents\Playground\University\senior-project-1\dataset\internet\clear\รายการเย็ดแม่.wav,282.45,283.15,เย็ด,0.7143351,none
C:\Users\muldi\Documents\Playground\University\senior-project-1\dataset\internet\clear\รายการเย็ดแม่.wav,301.7,302.4,เย็ด,0.86334974,none
C:\Users\muldi\Documents\Playground\University\senior-project-1\dataset\internet\clear\รายการเย็ดแม่.wav,323.75,324.45,เย็ด,0.5673489,none
C:\Users\muldi\Documents\Playground\University\senior-project-1\dataset\internet\clear\รายการเย็ดแม่.wav,459.55,460.25,เย็ด,0.7973322,none
C:\Users\muldi\Documents\Playground\University\senior-project-1\dataset\internet\clear\รายการเย็ดแม่.wav,476.0,476.7,เย็ด,0.4838904,none
C:\Users\muldi\Documents\Playground\University\senior-project-1\dataset\internet\clear\รายการเย็ดแม่.wav,507.5,508.2,เย็ด,0.45890957,none
C:\Users\muldi\Documents\Playground\University\senior-project-1\dataset\internet\clear\รายการเย็ดแม่.wav,524.3,525.0,เย็ด,0.9319721,none
C:\Users\muldi\Documents\Playground\University\senior-project-1\dataset\internet\clear\รายการเย็ดแม่.wav,571.9,572.6,เย็ด,0.7431982,none
C:\Users\muldi\Documents\Playground\University\senior-project-1\dataset\internet\clear\รายการเย็ดแม่.wav,578.2,578.9,เย็ด,0.7971121,none
C:\Users\muldi\Documents\Playground\University\senior-project-1\dataset\internet\clear\รายการเย็ดแม่.wav,606.55,607.25,เย็ด,0.52949363,none
C:\Users\muldi\Documents\Playground\University\senior-project-1\dataset\internet\clear\รายการเย็ดแม่.wav,609.0,609.7,เย็ด,0.45646107,เหี้ย
C:\Users\muldi\Documents\Playground\University\senior-project-1\dataset\internet\clear\รายการเย็ดแม่.wav,699.3,701.75,เย็ด,0.9561238,none
C:\Users\muldi\Documents\Playground\University\senior-project-1\dataset\internet\clear\รายการเย็ดแม่.wav,750.75,751.45,เย็ด,0.73169154,none
C:\Users\muldi\Documents\Playground\University\senior-project-1\dataset\internet\clear\รายการเย็ดแม่.wav,757.4,758.1,เย็ด,0.6706965,none
C:\Users\muldi\Documents\Playground\University\senior-project-1\dataset\internet\clear\รายการเย็ดแม่.wav,770.35,771.05,เย็ด,0.69189113,none
C:\Users\muldi\Documents\Playground\University\senior-project-1\dataset\internet\clear\รายการเย็ดแม่.wav,788.55,789.25,เย็ด,0.826621,เหี้ย
C:\Users\muldi\Documents\Playground\University\senior-project-1\dataset\internet\clear\รายการเย็ดแม่.wav,817.6,818.3,เย็ด,0.8485128,none
C:\Users\muldi\Documents\Playground\University\senior-project-1\dataset\internet\clear\รายการเย็ดแม่.wav,874.3,875.0,เย็ด,0.8503584,none
C:\Users\muldi\Documents\Playground\University\senior-project-1\dataset\internet\clear\รายการเย็ดแม่.wav,886.2,886.9,เย็ด,0.879133,none
C:\Users\muldi\Documents\Playground\University\senior-project-1\dataset\internet\clear\รายการเย็ดแม่.wav,887.25,887.95,เย็ด,0.46548074,none
C:\Users\muldi\Documents\Playground\University\senior-project-1\dataset\internet\clear\รายการเย็ดแม่.wav,941.15,941.85,เย็ด,0.52893656,none
C:\Users\muldi\Documents\Playground\University\senior-project-1\dataset\internet\clear\รายการเย็ดแม่.wav,950.95,951.65,เย็ด,0.8098645,none
C:\Users\muldi\Documents\Playground\University\senior-project-1\dataset\internet\clear\รายการเย็ดแม่.wav,964.25,964.95,เย็ด,0.8994967,none
C:\Users\muldi\Documents\Playground\University\senior-project-1\dataset\internet\clear\รายการเย็ดแม่.wav,965.3,966.35,เย็ด,0.958966,none
C:\Users\muldi\Documents\Playground\University\senior-project-1\dataset\internet\clear\รายการเย็ดแม่.wav,10.85,11.55,เหี้ย,0.5849339,none
C:\Users\muldi\Documents\Playground\University\senior-project-1\dataset\internet\clear\รายการเย็ดแม่.wav,29.05,30.45,เหี้ย,0.9043617,none
C:\Users\muldi\Documents\Playground\University\senior-project-1\dataset\internet\clear\รายการเย็ดแม่.wav,30.8,32.2,เหี้ย,0.5866286,none
C:\Users\muldi\Documents\Playground\University\senior-project-1\dataset\internet\clear\รายการเย็ดแม่.wav,38.5,41.65,เหี้ย,0.9649528,none
C:\Users\muldi\Documents\Playground\University\senior-project-1\dataset\internet\clear\รายการเย็ดแม่.wav,43.75,44.45,เหี้ย,0.8324027,none
C:\Users\muldi\Documents\Playground\University\senior-project-1\dataset\internet\clear\รายการเย็ดแม่.wav,45.5,46.55,เหี้ย,0.9026912,none
C:\Users\muldi\Documents\Playground\University\senior-project-1\dataset\internet\clear\รายการเย็ดแม่.wav,47.25,47.95,เหี้ย,0.6602503,none
C:\Users\muldi\Documents\Playground\University\senior-project-1\dataset\internet\clear\รายการเย็ดแม่.wav,61.6,62.3,เหี้ย,0.5254072,none
C:\Users\muldi\Documents\Playground\University\senior-project-1\dataset\internet\clear\รายการเย็ดแม่.wav,86.45,87.15,เหี้ย,0.558111,none
C:\Users\muldi\Documents\Playground\University\senior-project-1\dataset\internet\clear\รายการเย็ดแม่.wav,94.15,94.85,เหี้ย,0.9005767,none
C:\Users\muldi\Documents\Playground\University\senior-project-1\dataset\internet\clear\รายการเย็ดแม่.wav,103.6,104.3,เหี้ย,0.60198516,none
C:\Users\muldi\Documents\Playground\University\senior-project-1\dataset\internet\clear\รายการเย็ดแม่.wav,109.55,110.25,เหี้ย,0.58360445,none
C:\Users\muldi\Documents\Playground\University\senior-project-1\dataset\internet\clear\รายการเย็ดแม่.wav,113.4,114.1,เหี้ย,0.9106056,none
C:\Users\muldi\Documents\Playground\University\senior-project-1\dataset\internet\clear\รายการเย็ดแม่.wav,115.85,116.55,เหี้ย,0.60561174,none
C:\Users\muldi\Documents\Playground\University\senior-project-1\dataset\internet\clear\รายการเย็ดแม่.wav,129.15,129.85,เหี้ย,0.58490527,none
C:\Users\muldi\Documents\Playground\University\senior-project-1\dataset\internet\clear\รายการเย็ดแม่.wav,131.6,132.3,เหี้ย,0.7387658,none
C:\Users\muldi\Documents\Playground\University\senior-project-1\dataset\internet\clear\รายการเย็ดแม่.wav,150.15,150.85,เหี้ย,0.82977885,none
C:\Users\muldi\Documents\Playground\University\senior-project-1\dataset\internet\clear\รายการเย็ดแม่.wav,151.2,151.9,เหี้ย,0.5795187,none
C:\Users\muldi\Documents\Playground\University\senior-project-1\dataset\internet\clear\รายการเย็ดแม่.wav,178.15,178.85,เหี้ย,0.73746455,none
C:\Users\muldi\Documents\Playground\University\senior-project-1\dataset\internet\clear\รายการเย็ดแม่.wav,181.3,182.35,เหี้ย,0.8703414,none
C:\Users\muldi\Documents\Playground\University\senior-project-1\dataset\internet\clear\รายการเย็ดแม่.wav,186.9,187.6,เหี้ย,0.69285834,none
C:\Users\muldi\Documents\Playground\University\senior-project-1\dataset\internet\clear\รายการเย็ดแม่.wav,200.9,201.6,เหี้ย,0.51706046,none
C:\Users\muldi\Documents\Playground\University\senior-project-1\dataset\internet\clear\รายการเย็ดแม่.wav,203.7,204.4,เหี้ย,0.7765569,เหี้ย
C:\Users\muldi\Documents\Playground\University\senior-project-1\dataset\internet\clear\รายการเย็ดแม่.wav,208.95,210.7,เหี้ย,0.8879008,none
C:\Users\muldi\Documents\Playground\University\senior-project-1\dataset\internet\clear\รายการเย็ดแม่.wav,212.8,213.85,เหี้ย,0.7796013,none
C:\Users\muldi\Documents\Playground\University\senior-project-1\dataset\internet\clear\รายการเย็ดแม่.wav,214.9,215.6,เหี้ย,0.58138597,none
C:\Users\muldi\Documents\Playground\University\senior-project-1\dataset\internet\clear\รายการเย็ดแม่.wav,215.95,217.0,เหี้ย,0.6913809,none
C:\Users\muldi\Documents\Playground\University\senior-project-1\dataset\internet\clear\รายการเย็ดแม่.wav,221.2,221.9,เหี้ย,0.8998843,none
C:\Users\muldi\Documents\Playground\University\senior-project-1\dataset\internet\clear\รายการเย็ดแม่.wav,224.35,225.4,เหี้ย,0.6725876,none
C:\Users\muldi\Documents\Playground\University\senior-project-1\dataset\internet\clear\รายการเย็ดแม่.wav,232.4,233.1,เหี้ย,0.5255802,none
C:\Users\muldi\Documents\Playground\University\senior-project-1\dataset\internet\clear\รายการเย็ดแม่.wav,253.75,254.45,เหี้ย,0.57927185,none
C:\Users\muldi\Documents\Playground\University\senior-project-1\dataset\internet\clear\รายการเย็ดแม่.wav,297.15,297.85,เหี้ย,0.9349298,เหี้ย
C:\Users\muldi\Documents\Playground\University\senior-project-1\dataset\internet\clear\รายการเย็ดแม่.wav,308.7,309.4,เหี้ย,0.49428,none
C:\Users\muldi\Documents\Playground\University\senior-project-1\dataset\internet\clear\รายการเย็ดแม่.wav,347.9,348.6,เหี้ย,0.50498396,none
C:\Users\muldi\Documents\Playground\University\senior-project-1\dataset\internet\clear\รายการเย็ดแม่.wav,349.65,350.7,เหี้ย,0.86825323,none
C:\Users\muldi\Documents\Playground\University\senior-project-1\dataset\internet\clear\รายการเย็ดแม่.wav,372.4,373.1,เหี้ย,0.6245701,none
C:\Users\muldi\Documents\Playground\University\senior-project-1\dataset\internet\clear\รายการเย็ดแม่.wav,379.75,380.45,เหี้ย,0.589323,none
C:\Users\muldi\Documents\Playground\University\senior-project-1\dataset\internet\clear\รายการเย็ดแม่.wav,402.5,403.2,เหี้ย,0.6464432,none
C:\Users\muldi\Documents\Playground\University\senior-project-1\dataset\internet\clear\รายการเย็ดแม่.wav,416.85,417.55,เหี้ย,0.56498665,none
C:\Users\muldi\Documents\Playground\University\senior-project-1\dataset\internet\clear\รายการเย็ดแม่.wav,421.05,421.75,เหี้ย,0.9036485,none
C:\Users\muldi\Documents\Playground\University\senior-project-1\dataset\internet\clear\รายการเย็ดแม่.wav,423.5,424.55,เหี้ย,0.80445206,none
C:\Users\muldi\Documents\Playground\University\senior-project-1\dataset\internet\clear\รายการเย็ดแม่.wav,431.55,433.3,เหี้ย,0.77744013,none
C:\Users\muldi\Documents\Playground\University\senior-project-1\dataset\internet\clear\รายการเย็ดแม่.wav,444.15,445.2,เหี้ย,0.91922396,เหี้ย
C:\Users\muldi\Documents\Playground\University\senior-project-1\dataset\internet\clear\รายการเย็ดแม่.wav,461.65,462.7,เหี้ย,0.57289964,none
C:\Users\muldi\Documents\Playground\University\senior-project-1\dataset\internet\clear\รายการเย็ดแม่.wav,472.85,473.55,เหี้ย,0.6289652,none
C:\Users\muldi\Documents\Playground\University\senior-project-1\dataset\internet\clear\รายการเย็ดแม่.wav,479.85,480.55,เหี้ย,0.6615091,none
C:\Users\muldi\Documents\Playground\University\senior-project-1\dataset\internet\clear\รายการเย็ดแม่.wav,491.75,492.45,เหี้ย,0.8634077,none
C:\Users\muldi\Documents\Playground\University\senior-project-1\dataset\internet\clear\รายการเย็ดแม่.wav,495.25,496.3,เหี้ย,0.9350763,none
C:\Users\muldi\Documents\Playground\University\senior-project-1\dataset\internet\clear\รายการเย็ดแม่.wav,508.2,509.25,เหี้ย,0.9495348,เหี้ย
C:\Users\muldi\Documents\Playground\University\senior-project-1\dataset\internet\clear\รายการเย็ดแม่.wav,519.4,520.1,เหี้ย,0.5429251,none
C:\Users\muldi\Documents\Playground\University\senior-project-1\dataset\internet\clear\รายการเย็ดแม่.wav,533.4,534.1,เหี้ย,0.53547966,none
C:\Users\muldi\Documents\Playground\University\senior-project-1\dataset\internet\clear\รายการเย็ดแม่.wav,534.45,535.15,เหี้ย,0.79765135,none
C:\Users\muldi\Documents\Playground\University\senior-project-1\dataset\internet\clear\รายการเย็ดแม่.wav,543.9,544.95,เหี้ย,0.49544904,none
C:\Users\muldi\Documents\Playground\University\senior-project-1\dataset\internet\clear\รายการเย็ดแม่.wav,569.1,570.15,เหี้ย,0.60233295,none
C:\Users\muldi\Documents\Playground\University\senior-project-1\dataset\internet\clear\รายการเย็ดแม่.wav,573.65,576.1,เหี้ย,0.94926625,none
C:\Users\muldi\Documents\Playground\University\senior-project-1\dataset\internet\clear\รายการเย็ดแม่.wav,578.55,579.25,เหี้ย,0.9474615,เหี้ย
C:\Users\muldi\Documents\Playground\University\senior-project-1\dataset\internet\clear\รายการเย็ดแม่.wav,588.35,589.4,เหี้ย,0.9293769,เหี้ย
C:\Users\muldi\Documents\Playground\University\senior-project-1\dataset\internet\clear\รายการเย็ดแม่.wav,603.4,604.1,เหี้ย,0.69210327,none
C:\Users\muldi\Documents\Playground\University\senior-project-1\dataset\internet\clear\รายการเย็ดแม่.wav,619.15,619.85,เหี้ย,0.5594826,none
C:\Users\muldi\Documents\Playground\University\senior-project-1\dataset\internet\clear\รายการเย็ดแม่.wav,620.55,621.6,เหี้ย,0.6116953,none
C:\Users\muldi\Documents\Playground\University\senior-project-1\dataset\internet\clear\รายการเย็ดแม่.wav,642.95,644.35,เหี้ย,0.9530117,none
C:\Users\muldi\Documents\Playground\University\senior-project-1\dataset\internet\clear\รายการเย็ดแม่.wav,656.95,657.65,เหี้ย,0.7566187,เหี้ย
C:\Users\muldi\Documents\Playground\University\senior-project-1\dataset\internet\clear\รายการเย็ดแม่.wav,659.05,660.45,เหี้ย,0.9363086,เหี้ย
C:\Users\muldi\Documents\Playground\University\senior-project-1\dataset\internet\clear\รายการเย็ดแม่.wav,667.8,668.5,เหี้ย,0.5954977,none
C:\Users\muldi\Documents\Playground\University\senior-project-1\dataset\internet\clear\รายการเย็ดแม่.wav,669.55,670.95,เหี้ย,0.92033887,เหี้ย
C:\Users\muldi\Documents\Playground\University\senior-project-1\dataset\internet\clear\รายการเย็ดแม่.wav,672.35,673.4,เหี้ย,0.8475516,none
C:\Users\muldi\Documents\Playground\University\senior-project-1\dataset\internet\clear\รายการเย็ดแม่.wav,676.9,677.95,เหี้ย,0.63225067,none
C:\Users\muldi\Documents\Playground\University\senior-project-1\dataset\internet\clear\รายการเย็ดแม่.wav,691.95,692.65,เหี้ย,0.75236243,none
C:\Users\muldi\Documents\Playground\University\senior-project-1\dataset\internet\clear\รายการเย็ดแม่.wav,697.55,698.6,เหี้ย,0.92386293,none
C:\Users\muldi\Documents\Playground\University\senior-project-1\dataset\internet\clear\รายการเย็ดแม่.wav,698.95,700.35,เหี้ย,0.90401447,none
C:\Users\muldi\Documents\Playground\University\senior-project-1\dataset\internet\clear\รายการเย็ดแม่.wav,701.4,703.15,เหี้ย,0.92334807,none
C:\Users\muldi\Documents\Playground\University\senior-project-1\dataset\internet\clear\รายการเย็ดแม่.wav,752.5,753.2,เหี้ย,0.91341907,เหี้ย
C:\Users\muldi\Documents\Playground\University\senior-project-1\dataset\internet\clear\รายการเย็ดแม่.wav,760.9,761.6,เหี้ย,0.51898414,none
C:\Users\muldi\Documents\Playground\University\senior-project-1\dataset\internet\clear\รายการเย็ดแม่.wav,762.3,763.35,เหี้ย,0.57633805,none
C:\Users\muldi\Documents\Playground\University\senior-project-1\dataset\internet\clear\รายการเย็ดแม่.wav,765.1,765.8,เหี้ย,0.63298833,none
C:\Users\muldi\Documents\Playground\University\senior-project-1\dataset\internet\clear\รายการเย็ดแม่.wav,767.2,768.25,เหี้ย,0.68930376,none
C:\Users\muldi\Documents\Playground\University\senior-project-1\dataset\internet\clear\รายการเย็ดแม่.wav,773.85,774.55,เหี้ย,0.5376094,กู
C:\Users\muldi\Documents\Playground\University\senior-project-1\dataset\internet\clear\รายการเย็ดแม่.wav,783.3,784.35,เหี้ย,0.86470294,เหี้ย
C:\Users\muldi\Documents\Playground\University\senior-project-1\dataset\internet\clear\รายการเย็ดแม่.wav,784.7,785.75,เหี้ย,0.8735438,เหี้ย
C:\Users\muldi\Documents\Playground\University\senior-project-1\dataset\internet\clear\รายการเย็ดแม่.wav,786.8,787.85,เหี้ย,0.62312615,none
C:\Users\muldi\Documents\Playground\University\senior-project-1\dataset\internet\clear\รายการเย็ดแม่.wav,788.9,789.6,เหี้ย,0.8219061,เหี้ย
C:\Users\muldi\Documents\Playground\University\senior-project-1\dataset\internet\clear\รายการเย็ดแม่.wav,799.05,799.75,เหี้ย,0.80544126,none
C:\Users\muldi\Documents\Playground\University\senior-project-1\dataset\internet\clear\รายการเย็ดแม่.wav,800.45,801.15,เหี้ย,0.7351826,none
C:\Users\muldi\Documents\Playground\University\senior-project-1\dataset\internet\clear\รายการเย็ดแม่.wav,802.9,803.6,เหี้ย,0.5459381,none
C:\Users\muldi\Documents\Playground\University\senior-project-1\dataset\internet\clear\รายการเย็ดแม่.wav,803.95,804.65,เหี้ย,0.8315225,none
C:\Users\muldi\Documents\Playground\University\senior-project-1\dataset\internet\clear\รายการเย็ดแม่.wav,806.05,806.75,เหี้ย,0.5091474,none
C:\Users\muldi\Documents\Playground\University\senior-project-1\dataset\internet\clear\รายการเย็ดแม่.wav,815.15,816.2,เหี้ย,0.93377554,เหี้ย
C:\Users\muldi\Documents\Playground\University\senior-project-1\dataset\internet\clear\รายการเย็ดแม่.wav,822.5,823.2,เหี้ย,0.86598617,เหี้ย
C:\Users\muldi\Documents\Playground\University\senior-project-1\dataset\internet\clear\รายการเย็ดแม่.wav,859.6,860.3,เหี้ย,0.5090453,none
C:\Users\muldi\Documents\Playground\University\senior-project-1\dataset\internet\clear\รายการเย็ดแม่.wav,860.65,861.7,เหี้ย,0.8471387,none
C:\Users\muldi\Documents\Playground\University\senior-project-1\dataset\internet\clear\รายการเย็ดแม่.wav,885.15,887.25,เหี้ย,0.90183264,none
C:\Users\muldi\Documents\Playground\University\senior-project-1\dataset\internet\clear\รายการเย็ดแม่.wav,887.6,888.65,เหี้ย,0.8730185,none
C:\Users\muldi\Documents\Playground\University\senior-project-1\dataset\internet\clear\รายการเย็ดแม่.wav,889.35,890.05,เหี้ย,0.5242557,none
C:\Users\muldi\Documents\Playground\University\senior-project-1\dataset\internet\clear\รายการเย็ดแม่.wav,893.55,894.6,เหี้ย,0.83839667,none
C:\Users\muldi\Documents\Playground\University\senior-project-1\dataset\internet\clear\รายการเย็ดแม่.wav,910.0,911.75,เหี้ย,0.6033616,none
C:\Users\muldi\Documents\Playground\University\senior-project-1\dataset\internet\clear\รายการเย็ดแม่.wav,914.2,914.9,เหี้ย,0.5023315,none
C:\Users\muldi\Documents\Playground\University\senior-project-1\dataset\internet\clear\รายการเย็ดแม่.wav,918.75,919.45,เหี้ย,0.55918753,none
C:\Users\muldi\Documents\Playground\University\senior-project-1\dataset\internet\clear\รายการเย็ดแม่.wav,920.15,920.85,เหี้ย,0.62076086,none
C:\Users\muldi\Documents\Playground\University\senior-project-1\dataset\internet\clear\รายการเย็ดแม่.wav,948.85,949.55,เหี้ย,0.76904273,none
C:\Users\muldi\Documents\Playground\University\senior-project-1\dataset\internet\clear\รายการเย็ดแม่.wav,957.6,958.3,เหี้ย,0.5707851,none
C:\Users\muldi\Documents\Playground\University\senior-project-1\dataset\internet\clear\ลิ้นจระเข้ กินอะไรก็อร่อย.wav,2.45,3.5,กู,0.84650046,none
C:\Users\muldi\Documents\Playground\University\senior-project-1\dataset\internet\clear\ลิ้นจระเข้ กินอะไรก็อร่อย.wav,11.55,12.6,กู,0.7080164,กู
C:\Users\muldi\Documents\Playground\University\senior-project-1\dataset\internet\clear\ลิ้นจระเข้ กินอะไรก็อร่อย.wav,18.9,19.6,กู,0.632899,กู
C:\Users\muldi\Documents\Playground\University\senior-project-1\dataset\internet\clear\ลิ้นจระเข้ กินอะไรก็อร่อย.wav,33.6,34.3,กู,0.68373823,none
C:\Users\muldi\Documents\Playground\University\senior-project-1\dataset\internet\clear\ลิ้นจระเข้ กินอะไรก็อร่อย.wav,35.35,36.05,กู,0.4775508,none
C:\Users\muldi\Documents\Playground\University\senior-project-1\dataset\internet\clear\ลิ้นจระเข้ กินอะไรก็อร่อย.wav,39.55,40.25,กู,0.64020234,กู
C:\Users\muldi\Documents\Playground\University\senior-project-1\dataset\internet\clear\ลิ้นจระเข้ กินอะไรก็อร่อย.wav,43.4,44.1,กู,0.6734233,none
C:\Users\muldi\Documents\Playground\University\senior-project-1\dataset\internet\clear\ลิ้นจระเข้ กินอะไรก็อร่อย.wav,46.2,46.9,กู,0.5425828,none
C:\Users\muldi\Documents\Playground\University\senior-project-1\dataset\internet\clear\ลิ้นจระเข้ กินอะไรก็อร่อย.wav,53.55,54.25,กู,0.76016515,กู
C:\Users\muldi\Documents\Playground\University\senior-project-1\dataset\internet\clear\ลิ้นจระเข้ กินอะไรก็อร่อย.wav,64.4,65.1,กู,0.8180656,none
C:\Users\muldi\Documents\Playground\University\senior-project-1\dataset\internet\clear\ลิ้นจระเข้ กินอะไรก็อร่อย.wav,3.5,4.2,มึง,0.5910284,none
C:\Users\muldi\Documents\Playground\University\senior-project-1\dataset\internet\clear\ลิ้นจระเข้ กินอะไรก็อร่อย.wav,18.55,19.25,มึง,0.7067013,none
C:\Users\muldi\Documents\Playground\University\senior-project-1\dataset\internet\clear\ลิ้นจระเข้ กินอะไรก็อร่อย.wav,25.9,27.3,มึง,0.68947995,none
C:\Users\muldi\Documents\Playground\University\senior-project-1\dataset\internet\clear\ลิ้นจระเข้ กินอะไรก็อร่อย.wav,28.0,29.05,มึง,0.83453566,none
C:\Users\muldi\Documents\Playground\University\senior-project-1\dataset\internet\clear\ลิ้นจระเข้ กินอะไรก็อร่อย.wav,29.4,31.15,มึง,0.8052034,none
C:\Users\muldi\Documents\Playground\University\senior-project-1\dataset\internet\clear\ลิ้นจระเข้ กินอะไรก็อร่อย.wav,32.2,32.9,มึง,0.66001797,none
C:\Users\muldi\Documents\Playground\University\senior-project-1\dataset\internet\clear\ลิ้นจระเข้ กินอะไรก็อร่อย.wav,33.95,35.0,มึง,0.83540803,none
C:\Users\muldi\Documents\Playground\University\senior-project-1\dataset\internet\clear\ลิ้นจระเข้ กินอะไรก็อร่อย.wav,35.7,38.15,มึง,0.78853506,none
C:\Users\muldi\Documents\Playground\University\senior-project-1\dataset\internet\clear\ลิ้นจระเข้ กินอะไรก็อร่อย.wav,38.5,39.55,มึง,0.7050822,none
C:\Users\muldi\Documents\Playground\University\senior-project-1\dataset\internet\clear\ลิ้นจระเข้ กินอะไรก็อร่อย.wav,45.15,45.85,มึง,0.49931014,none
C:\Users\muldi\Documents\Playground\University\senior-project-1\dataset\internet\clear\ลิ้นจระเข้ กินอะไรก็อร่อย.wav,46.9,47.6,มึง,0.85917735,none
C:\Users\muldi\Documents\Playground\University\senior-project-1\dataset\internet\clear\ลิ้นจระเข้ กินอะไรก็อร่อย.wav,50.4,51.1,มึง,0.52653015,none
C:\Users\muldi\Documents\Playground\University\senior-project-1\dataset\internet\clear\ลิ้นจระเข้ กินอะไรก็อร่อย.wav,52.15,52.85,มึง,0.5969289,none
C:\Users\muldi\Documents\Playground\University\senior-project-1\dataset\internet\clear\ลิ้นจระเข้ กินอะไรก็อร่อย.wav,60.9,61.95,มึง,0.74139905,none
C:\Users\muldi\Documents\Playground\University\senior-project-1\dataset\internet\clear\ลิ้นจระเข้ กินอะไรก็อร่อย.wav,62.65,63.35,มึง,0.52716446,none
C:\Users\muldi\Documents\Playground\University\senior-project-1\dataset\internet\clear\ลิ้นจระเข้ กินอะไรก็อร่อย.wav,64.05,64.75,มึง,0.8454857,none
C:\Users\muldi\Documents\Playground\University\senior-project-1\dataset\internet\clear\ลิ้นจระเข้ กินอะไรก็อร่อย.wav,23.8,24.5,เย็ด,0.89998645,none
C:\Users\muldi\Documents\Playground\University\senior-project-1\dataset\internet\clear\ลิ้นจระเข้ กินอะไรก็อร่อย.wav,33.25,33.95,เย็ด,0.8579858,none
C:\Users\muldi\Documents\Playground\University\senior-project-1\dataset\internet\clear\ลิ้นจระเข้ กินอะไรก็อร่อย.wav,46.55,47.25,เย็ด,0.5273174,none
C:\Users\muldi\Documents\Playground\University\senior-project-1\dataset\internet\clear\ลิ้นจระเข้ กินอะไรก็อร่อย.wav,0.0,2.8,เหี้ย,0.93236226,none
C:\Users\muldi\Documents\Playground\University\senior-project-1\dataset\internet\clear\ลิ้นจระเข้ กินอะไรก็อร่อย.wav,8.4,9.1,เหี้ย,0.5002086,none
C:\Users\muldi\Documents\Playground\University\senior-project-1\dataset\internet\clear\ลิ้นจระเข้ กินอะไรก็อร่อย.wav,13.65,16.45,เหี้ย,0.90106314,none
C:\Users\muldi\Documents\Playground\University\senior-project-1\dataset\internet\clear\ลิ้นจระเข้ กินอะไรก็อร่อย.wav,20.65,22.05,เหี้ย,0.8522469,none
C:\Users\muldi\Documents\Playground\University\senior-project-1\dataset\internet\clear\ลิ้นจระเข้ กินอะไรก็อร่อย.wav,23.45,24.15,เหี้ย,0.81530017,none
C:\Users\muldi\Documents\Playground\University\senior-project-1\dataset\internet\clear\ลิ้นจระเข้ กินอะไรก็อร่อย.wav,24.5,25.2,เหี้ย,0.8765311,none
C:\Users\muldi\Documents\Playground\University\senior-project-1\dataset\internet\clear\ลิ้นจระเข้ กินอะไรก็อร่อย.wav,40.25,40.95,เหี้ย,0.83621603,none
C:\Users\muldi\Documents\Playground\University\senior-project-1\dataset\internet\clear\ลิ้นจระเข้ กินอะไรก็อร่อย.wav,54.6,55.3,เหี้ย,0.9330608,none
C:\Users\muldi\Documents\Playground\University\senior-project-1\dataset\internet\clear\ลิ้นจระเข้ กินอะไรก็อร่อย.wav,57.4,58.1,เหี้ย,0.5253217,none
C:\Users\muldi\Documents\Playground\University\senior-project-1\dataset\internet\clear\ลิ้นจระเข้ กินอะไรก็อร่อย.wav,58.45,59.5,เหี้ย,0.8096012,กู
C:\Users\muldi\Documents\Playground\University\senior-project-1\dataset\internet\clear\ลิ้นจระเข้ กินอะไรก็อร่อย.wav,63.35,64.4,เหี้ย,0.901067,none
C:\Users\muldi\Documents\Playground\University\senior-project-1\dataset\internet\clear\ลิ้นจระเข้ กินอะไรก็อร่อย.wav,64.75,66.85,เหี้ย,0.93236226,none
C:\Users\muldi\Documents\Playground\University\senior-project-1\dataset\internet\clear\วิ่งหนี or วิ่งใส่.wav,3.15,4.2,กู,0.8041405,กู
C:\Users\muldi\Documents\Playground\University\senior-project-1\dataset\internet\clear\วิ่งหนี or วิ่งใส่.wav,4.55,5.6,กู,0.8124526,กู
C:\Users\muldi\Documents\Playground\University\senior-project-1\dataset\internet\clear\วิ่งหนี or วิ่งใส่.wav,6.65,7.35,กู,0.77941257,กู
C:\Users\muldi\Documents\Playground\University\senior-project-1\dataset\internet\clear\วิ่งหนี or วิ่งใส่.wav,7.7,8.4,กู,0.7651089,กู
C:\Users\muldi\Documents\Playground\University\senior-project-1\dataset\internet\clear\วิ่งหนี or วิ่งใส่.wav,9.1,12.25,กู,0.8585365,กู
C:\Users\muldi\Documents\Playground\University\senior-project-1\dataset\internet\clear\วิ่งหนี or วิ่งใส่.wav,5.25,5.95,มึง,0.52818894,none
C:\Users\muldi\Documents\Playground\University\senior-project-1\dataset\internet\clear\วิ่งหนี or วิ่งใส่.wav,11.9,13.3,มึง,0.8480703,กู
C:\Users\muldi\Documents\Playground\University\senior-project-1\dataset\internet\clear\วิ่งหนี or วิ่งใส่.wav,2.45,3.15,เย็ด,0.9355336,none
C:\Users\muldi\Documents\Playground\University\senior-project-1\dataset\internet\clear\วิ่งหนี or วิ่งใส่.wav,0.0,2.8,เหี้ย,0.93236226,none
C:\Users\muldi\Documents\Playground\University\senior-project-1\dataset\internet\clear\วิ่งหนี or วิ่งใส่.wav,5.6,6.3,เหี้ย,0.8803369,none
C:\Users\muldi\Documents\Playground\University\senior-project-1\dataset\internet\clear\วิ่งหนี or วิ่งใส่.wav,7.35,8.05,เหี้ย,0.8176312,กู
C:\Users\muldi\Documents\Playground\University\senior-project-1\dataset\internet\clear\ศาลเจ้าทางม้าลายอยู่ไหน!!.wav,27.3,28.0,กู,0.52516645,none
C:\Users\muldi\Documents\Playground\University\senior-project-1\dataset\internet\clear\ศาลเจ้าทางม้าลายอยู่ไหน!!.wav,34.3,35.35,กู,0.7130607,none
C:\Users\muldi\Documents\Playground\University\senior-project-1\dataset\internet\clear\ศาลเจ้าทางม้าลายอยู่ไหน!!.wav,37.1,37.8,กู,0.52181566,none
C:\Users\muldi\Documents\Playground\University\senior-project-1\dataset\internet\clear\ศาลเจ้าทางม้าลายอยู่ไหน!!.wav,38.15,40.25,กู,0.7081157,none
C:\Users\muldi\Documents\Playground\University\senior-project-1\dataset\internet\clear\ศาลเจ้าทางม้าลายอยู่ไหน!!.wav,42.7,43.4,กู,0.5237161,none
C:\Users\muldi\Documents\Playground\University\senior-project-1\dataset\internet\clear\ศาลเจ้าทางม้าลายอยู่ไหน!!.wav,44.8,45.85,กู,0.53534895,กู
C:\Users\muldi\Documents\Playground\University\senior-project-1\dataset\internet\clear\ศาลเจ้าทางม้าลายอยู่ไหน!!.wav,1.75,3.15,มึง,0.57912874,none
C:\Users\muldi\Documents\Playground\University\senior-project-1\dataset\internet\clear\ศาลเจ้าทางม้าลายอยู่ไหน!!.wav,31.15,31.85,มึง,0.70099235,none
C:\Users\muldi\Documents\Playground\University\senior-project-1\dataset\internet\clear\ศาลเจ้าทางม้าลายอยู่ไหน!!.wav,1.05,1.75,เย็ด,0.8549896,none
C:\Users\muldi\Documents\Playground\University\senior-project-1\dataset\internet\clear\ศาลเจ้าทางม้าลายอยู่ไหน!!.wav,8.75,10.15,เย็ด,0.6139914,none
C:\Users\muldi\Documents\Playground\University\senior-project-1\dataset\internet\clear\ศาลเจ้าทางม้าลายอยู่ไหน!!.wav,22.4,23.1,เย็ด,0.9391438,none
C:\Users\muldi\Documents\Playground\University\senior-project-1\dataset\internet\clear\ศาลเจ้าทางม้าลายอยู่ไหน!!.wav,0.0,2.1,เหี้ย,0.93236226,none
C:\Users\muldi\Documents\Playground\University\senior-project-1\dataset\internet\clear\ศาลเจ้าทางม้าลายอยู่ไหน!!.wav,13.65,14.35,เหี้ย,0.6701163,none
C:\Users\muldi\Documents\Playground\University\senior-project-1\dataset\internet\clear\ศาลเจ้าทางม้าลายอยู่ไหน!!.wav,14.7,15.4,เหี้ย,0.8012974,none
C:\Users\muldi\Documents\Playground\University\senior-project-1\dataset\internet\clear\ศาลเจ้าทางม้าลายอยู่ไหน!!.wav,17.5,18.2,เหี้ย,0.91056734,none
C:\Users\muldi\Documents\Playground\University\senior-project-1\dataset\internet\clear\ศาลเจ้าทางม้าลายอยู่ไหน!!.wav,21.7,24.5,เหี้ย,0.8351393,none
C:\Users\muldi\Documents\Playground\University\senior-project-1\dataset\internet\clear\ศาลเจ้าทางม้าลายอยู่ไหน!!.wav,25.9,27.3,เหี้ย,0.925344,none
C:\Users\muldi\Documents\Playground\University\senior-project-1\dataset\internet\clear\ศาลเจ้าทางม้าลายอยู่ไหน!!.wav,28.35,29.05,เหี้ย,0.8612934,none
C:\Users\muldi\Documents\Playground\University\senior-project-1\dataset\internet\clear\ศาลเจ้าทางม้าลายอยู่ไหน!!.wav,35.7,36.4,เหี้ย,0.4916359,none
C:\Users\muldi\Documents\Playground\University\senior-project-1\dataset\internet\clear\อะชิมะหม๋า.wav,5.25,5.95,กู,0.73186815,none
C:\Users\muldi\Documents\Playground\University\senior-project-1\dataset\internet\clear\อะชิมะหม๋า.wav,9.8,10.5,กู,0.5347281,กู
C:\Users\muldi\Documents\Playground\University\senior-project-1\dataset\internet\clear\อะชิมะหม๋า.wav,11.55,12.6,กู,0.75792,none
C:\Users\muldi\Documents\Playground\University\senior-project-1\dataset\internet\clear\อะชิมะหม๋า.wav,17.85,18.55,กู,0.6117784,none
C:\Users\muldi\Documents\Playground\University\senior-project-1\dataset\internet\clear\อะชิมะหม๋า.wav,1.4,2.1,มึง,0.5702507,none
C:\Users\muldi\Documents\Playground\University\senior-project-1\dataset\internet\clear\อะชิมะหม๋า.wav,3.15,3.85,มึง,0.6075379,none
C:\Users\muldi\Documents\Playground\University\senior-project-1\dataset\internet\clear\อะชิมะหม๋า.wav,6.65,8.4,มึง,0.7673304,none
C:\Users\muldi\Documents\Playground\University\senior-project-1\dataset\internet\clear\อะชิมะหม๋า.wav,13.65,14.35,มึง,0.76378167,none
C:\Users\muldi\Documents\Playground\University\senior-project-1\dataset\internet\clear\อะชิมะหม๋า.wav,14.7,15.4,มึง,0.7935099,none
C:\Users\muldi\Documents\Playground\University\senior-project-1\dataset\internet\clear\อะชิมะหม๋า.wav,15.75,16.45,มึง,0.85675955,none
C:\Users\muldi\Documents\Playground\University\senior-project-1\dataset\internet\clear\อะชิมะหม๋า.wav,5.6,6.3,เย็ด,0.81482273,none
C:\Users\muldi\Documents\Playground\University\senior-project-1\dataset\internet\clear\อะชิมะหม๋า.wav,10.5,11.2,เย็ด,0.76283187,none
C:\Users\muldi\Documents\Playground\University\senior-project-1\dataset\internet\clear\อะชิมะหม๋า.wav,13.3,14.0,เย็ด,0.6878296,none
C:\Users\muldi\Documents\Playground\University\senior-project-1\dataset\internet\clear\อะชิมะหม๋า.wav,0.0,1.05,เหี้ย,0.93236226,none
C:\Users\muldi\Documents\Playground\University\senior-project-1\dataset\internet\clear\อะชิมะหม๋า.wav,8.75,9.45,เหี้ย,0.85386086,none
C:\Users\muldi\Documents\Playground\University\senior-project-1\dataset\internet\clear\อะชิมะหม๋า.wav,12.95,13.65,เหี้ย,0.5782988,none
C:\Users\muldi\Documents\Playground\University\senior-project-1\dataset\internet\clear\อะชิมะหม๋า.wav,20.3,22.05,เหี้ย,0.9330532,none
C:\Users\muldi\Documents\Playground\University\senior-project-1\dataset\internet\clear\อะไรหายากสุด.wav,7.35,8.75,กู,0.693571,none
C:\Users\muldi\Documents\Playground\University\senior-project-1\dataset\internet\clear\อะไรหายากสุด.wav,15.75,16.45,กู,0.6006418,none
C:\Users\muldi\Documents\Playground\University\senior-project-1\dataset\internet\clear\อะไรหายากสุด.wav,3.15,3.85,มึง,0.71695876,none
C:\Users\muldi\Documents\Playground\University\senior-project-1\dataset\internet\clear\อะไรหายากสุด.wav,9.45,10.15,มึง,0.68144774,none
C:\Users\muldi\Documents\Playground\University\senior-project-1\dataset\internet\clear\อะไรหายากสุด.wav,2.8,3.5,เย็ด,0.9314049,none
C:\Users\muldi\Documents\Playground\University\senior-project-1\dataset\internet\clear\อะไรหายากสุด.wav,0.0,3.15,เหี้ย,0.93236226,none
C:\Users\muldi\Documents\Playground\University\senior-project-1\dataset\internet\clear\เกิดแต่กับคีร์มากค่ะ.wav,5.6,6.65,กู,0.7621275,none
C:\Users\muldi\Documents\Playground\University\senior-project-1\dataset\internet\clear\เกิดแต่กับคีร์มากค่ะ.wav,7.0,8.05,กู,0.781599,กู
C:\Users\muldi\Documents\Playground\University\senior-project-1\dataset\internet\clear\เกิดแต่กับคีร์มากค่ะ.wav,11.55,12.25,กู,0.57801473,none
C:\Users\muldi\Documents\Playground\University\senior-project-1\dataset\internet\clear\เกิดแต่กับคีร์มากค่ะ.wav,13.3,14.0,กู,0.57658374,กู
C:\Users\muldi\Documents\Playground\University\senior-project-1\dataset\internet\clear\เกิดแต่กับคีร์มากค่ะ.wav,17.15,18.2,กู,0.79846275,none
C:\Users\muldi\Documents\Playground\University\senior-project-1\dataset\internet\clear\เกิดแต่กับคีร์มากค่ะ.wav,22.05,22.75,กู,0.7811237,กู
C:\Users\muldi\Documents\Playground\University\senior-project-1\dataset\internet\clear\เกิดแต่กับคีร์มากค่ะ.wav,24.5,25.9,กู,0.72225344,none
C:\Users\muldi\Documents\Playground\University\senior-project-1\dataset\internet\clear\เกิดแต่กับคีร์มากค่ะ.wav,27.3,28.35,กู,0.8377031,none
C:\Users\muldi\Documents\Playground\University\senior-project-1\dataset\internet\clear\เกิดแต่กับคีร์มากค่ะ.wav,34.65,35.35,กู,0.69648165,none
C:\Users\muldi\Documents\Playground\University\senior-project-1\dataset\internet\clear\เกิดแต่กับคีร์มากค่ะ.wav,36.75,37.8,กู,0.83464676,none
C:\Users\muldi\Documents\Playground\University\senior-project-1\dataset\internet\clear\เกิดแต่กับคีร์มากค่ะ.wav,43.4,44.1,กู,0.729828,กู
C:\Users\muldi\Documents\Playground\University\senior-project-1\dataset\internet\clear\เกิดแต่กับคีร์มากค่ะ.wav,12.95,13.65,มึง,0.80253154,none
C:\Users\muldi\Documents\Playground\University\senior-project-1\dataset\internet\clear\เกิดแต่กับคีร์มากค่ะ.wav,15.4,16.1,มึง,0.6914589,none
C:\Users\muldi\Documents\Playground\University\senior-project-1\dataset\internet\clear\เกิดแต่กับคีร์มากค่ะ.wav,25.55,26.25,มึง,0.792872,กู
C:\Users\muldi\Documents\Playground\University\senior-project-1\dataset\internet\clear\เกิดแต่กับคีร์มากค่ะ.wav,28.35,29.75,มึง,0.775739,none
C:\Users\muldi\Documents\Playground\University\senior-project-1\dataset\internet\clear\เกิดแต่กับคีร์มากค่ะ.wav,30.8,31.5,มึง,0.80967957,none
C:\Users\muldi\Documents\Playground\University\senior-project-1\dataset\internet\clear\เกิดแต่กับคีร์มากค่ะ.wav,32.2,33.25,มึง,0.7959631,none
C:\Users\muldi\Documents\Playground\University\senior-project-1\dataset\internet\clear\เกิดแต่กับคีร์มากค่ะ.wav,39.55,41.3,มึง,0.86750937,กู
C:\Users\muldi\Documents\Playground\University\senior-project-1\dataset\internet\clear\เกิดแต่กับคีร์มากค่ะ.wav,42.35,43.4,มึง,0.7085765,มึง
C:\Users\muldi\Documents\Playground\University\senior-project-1\dataset\internet\clear\เกิดแต่กับคีร์มากค่ะ.wav,3.5,4.2,เย็ด,0.91233915,none
C:\Users\muldi\Documents\Playground\University\senior-project-1\dataset\internet\clear\เกิดแต่กับคีร์มากค่ะ.wav,9.8,11.2,เย็ด,0.93651193,none
C:\Users\muldi\Documents\Playground\University\senior-project-1\dataset\internet\clear\เกิดแต่กับคีร์มากค่ะ.wav,11.9,12.6,เย็ด,0.536002,none
C:\Users\muldi\Documents\Playground\University\senior-project-1\dataset\internet\clear\เกิดแต่กับคีร์มากค่ะ.wav,38.15,38.85,เย็ด,0.9051413,none
C:\Users\muldi\Documents\Playground\University\senior-project-1\dataset\internet\clear\เกิดแต่กับคีร์มากค่ะ.wav,41.65,42.7,เย็ด,0.8396649,none
C:\Users\muldi\Documents\Playground\University\senior-project-1\dataset\internet\clear\เกิดแต่กับคีร์มากค่ะ.wav,0.0,1.75,เหี้ย,0.93236226,none
C:\Users\muldi\Documents\Playground\University\senior-project-1\dataset\internet\clear\เกิดแต่กับคีร์มากค่ะ.wav,21.35,22.05,เหี้ย,0.59604836,none
C:\Users\muldi\Documents\Playground\University\senior-project-1\dataset\internet\clear\เกิดแต่กับคีร์มากค่ะ.wav,23.8,24.5,เหี้ย,0.9200574,none
C:\Users\muldi\Documents\Playground\University\senior-project-1\dataset\internet\clear\เกิดแต่กับคีร์มากค่ะ.wav,33.25,33.95,เหี้ย,0.6049476,none
C:\Users\muldi\Documents\Playground\University\senior-project-1\dataset\internet\clear\เคยอยากเป็นวีค่ายกระต่าย.wav,11.55,12.25,กู,0.72742593,กู
C:\Users\muldi\Documents\Playground\University\senior-project-1\dataset\internet\clear\เคยอยากเป็นวีค่ายกระต่าย.wav,2.45,3.15,มึง,0.89926124,none
C:\Users\muldi\Documents\Playground\University\senior-project-1\dataset\internet\clear\เคยอยากเป็นวีค่ายกระต่าย.wav,9.45,10.15,มึง,0.50672215,none
C:\Users\muldi\Documents\Playground\University\senior-project-1\dataset\internet\clear\เคยอยากเป็นวีค่ายกระต่าย.wav,4.9,5.6,เย็ด,0.63433874,none
C:\Users\muldi\Documents\Playground\University\senior-project-1\dataset\internet\clear\เคยอยากเป็นวีค่ายกระต่าย.wav,0.0,2.8,เหี้ย,0.93236226,none
C:\Users\muldi\Documents\Playground\University\senior-project-1\dataset\internet\clear\เจ๊อยากกลับบ้านแล้ว....wav,1.75,2.8,กู,0.8824239,none
C:\Users\muldi\Documents\Playground\University\senior-project-1\dataset\internet\clear\เจ๊อยากกลับบ้านแล้ว....wav,4.55,6.3,กู,0.7370934,none
C:\Users\muldi\Documents\Playground\University\senior-project-1\dataset\internet\clear\เจ๊อยากกลับบ้านแล้ว....wav,11.2,12.6,กู,0.7697594,none
C:\Users\muldi\Documents\Playground\University\senior-project-1\dataset\internet\clear\เจ๊อยากกลับบ้านแล้ว....wav,14.0,14.7,กู,0.7699434,none
C:\Users\muldi\Documents\Playground\University\senior-project-1\dataset\internet\clear\เจ๊อยากกลับบ้านแล้ว....wav,3.85,4.55,มึง,0.5975894,none
C:\Users\muldi\Documents\Playground\University\senior-project-1\dataset\internet\clear\เจ๊อยากกลับบ้านแล้ว....wav,9.1,9.8,มึง,0.5613054,none
C:\Users\muldi\Documents\Playground\University\senior-project-1\dataset\internet\clear\เจ๊อยากกลับบ้านแล้ว....wav,10.85,11.55,มึง,0.8070248,none
C:\Users\muldi\Documents\Playground\University\senior-project-1\dataset\internet\clear\เจ๊อยากกลับบ้านแล้ว....wav,14.35,15.05,มึง,0.66370654,none
C:\Users\muldi\Documents\Playground\University\senior-project-1\dataset\internet\clear\เจ๊อยากกลับบ้านแล้ว....wav,0.0,2.1,เหี้ย,0.93236226,none
C:\Users\muldi\Documents\Playground\University\senior-project-1\dataset\internet\clear\เจ๊อยากกลับบ้านแล้ว....wav,15.05,16.1,เหี้ย,0.88890064,เหี้ย
C:\Users\muldi\Documents\Playground\University\senior-project-1\dataset\internet\clear\เดินเตะทุกอย่างบนโลก!.wav,2.45,3.15,กู,0.8663543,กู
C:\Users\muldi\Documents\Playground\University\senior-project-1\dataset\internet\clear\เดินเตะทุกอย่างบนโลก!.wav,16.45,17.15,กู,0.50316817,กู
C:\Users\muldi\Documents\Playground\University\senior-project-1\dataset\internet\clear\เดินเตะทุกอย่างบนโลก!.wav,19.95,20.65,กู,0.7453065,กู
C:\Users\muldi\Documents\Playground\University\senior-project-1\dataset\internet\clear\เดินเตะทุกอย่างบนโลก!.wav,21.35,22.05,กู,0.61768293,กู
C:\Users\muldi\Documents\Playground\University\senior-project-1\dataset\internet\clear\เดินเตะทุกอย่างบนโลก!.wav,27.3,28.0,กู,0.53173965,กู
C:\Users\muldi\Documents\Playground\University\senior-project-1\dataset\internet\clear\เดินเตะทุกอย่างบนโลก!.wav,31.5,32.2,กู,0.7539315,กู
C:\Users\muldi\Documents\Playground\University\senior-project-1\dataset\internet\clear\เดินเตะทุกอย่างบนโลก!.wav,34.65,35.35,กู,0.7592793,กู
C:\Users\muldi\Documents\Playground\University\senior-project-1\dataset\internet\clear\เดินเตะทุกอย่างบนโลก!.wav,43.75,44.45,กู,0.73515195,กู
C:\Users\muldi\Documents\Playground\University\senior-project-1\dataset\internet\clear\เดินเตะทุกอย่างบนโลก!.wav,5.6,8.75,มึง,0.8821246,none
C:\Users\muldi\Documents\Playground\University\senior-project-1\dataset\internet\clear\เดินเตะทุกอย่างบนโลก!.wav,12.25,12.95,มึง,0.6093184,none
C:\Users\muldi\Documents\Playground\University\senior-project-1\dataset\internet\clear\เดินเตะทุกอย่างบนโลก!.wav,21.7,26.95,มึง,0.8996328,none
C:\Users\muldi\Documents\Playground\University\senior-project-1\dataset\internet\clear\เดินเตะทุกอย่างบนโลก!.wav,27.65,28.35,มึง,0.5985519,none
C:\Users\muldi\Documents\Playground\University\senior-project-1\dataset\internet\clear\เดินเตะทุกอย่างบนโลก!.wav,39.9,43.05,มึง,0.86082625,none
C:\Users\muldi\Documents\Playground\University\senior-project-1\dataset\internet\clear\เดินเตะทุกอย่างบนโลก!.wav,0.0,2.8,เหี้ย,0.93236226,none
C:\Users\muldi\Documents\Playground\University\senior-project-1\dataset\internet\clear\เดินเตะทุกอย่างบนโลก!.wav,4.2,4.9,เหี้ย,0.88738006,none
C:\Users\muldi\Documents\Playground\University\senior-project-1\dataset\internet\clear\เดินเตะทุกอย่างบนโลก!.wav,6.65,7.35,เหี้ย,0.8485867,none
C:\Users\muldi\Documents\Playground\University\senior-project-1\dataset\internet\clear\เดินเตะทุกอย่างบนโลก!.wav,9.45,10.5,เหี้ย,0.7273247,กู
C:\Users\muldi\Documents\Playground\University\senior-project-1\dataset\internet\clear\เดินเตะทุกอย่างบนโลก!.wav,35.35,36.75,เหี้ย,0.7323735,none
C:\Users\muldi\Documents\Playground\University\senior-project-1\dataset\internet\clear\เดินเตะทุกอย่างบนโลก!.wav,37.8,38.5,เหี้ย,0.55324763,none
C:\Users\muldi\Documents\Playground\University\senior-project-1\dataset\internet\clear\เพื่อนบ้านหรรษาของจริงๆ.wav,4.2,4.9,กู,0.6672975,none
C:\Users\muldi\Documents\Playground\University\senior-project-1\dataset\internet\clear\เพื่อนบ้านหรรษาของจริงๆ.wav,5.6,6.3,กู,0.5695147,none
C:\Users\muldi\Documents\Playground\University\senior-project-1\dataset\internet\clear\เพื่อนบ้านหรรษาของจริงๆ.wav,10.5,11.2,กู,0.553486,none
C:\Users\muldi\Documents\Playground\University\senior-project-1\dataset\internet\clear\เพื่อนบ้านหรรษาของจริงๆ.wav,39.9,40.6,กู,0.74345917,none
C:\Users\muldi\Documents\Playground\University\senior-project-1\dataset\internet\clear\เพื่อนบ้านหรรษาของจริงๆ.wav,50.4,52.15,กู,0.7584137,none
C:\Users\muldi\Documents\Playground\University\senior-project-1\dataset\internet\clear\เพื่อนบ้านหรรษาของจริงๆ.wav,58.45,59.15,กู,0.7010991,none
C:\Users\muldi\Documents\Playground\University\senior-project-1\dataset\internet\clear\เพื่อนบ้านหรรษาของจริงๆ.wav,20.65,22.75,มึง,0.8111584,none
C:\Users\muldi\Documents\Playground\University\senior-project-1\dataset\internet\clear\เพื่อนบ้านหรรษาของจริงๆ.wav,25.55,26.95,มึง,0.8512644,none
C:\Users\muldi\Documents\Playground\University\senior-project-1\dataset\internet\clear\เพื่อนบ้านหรรษาของจริงๆ.wav,28.35,30.1,มึง,0.88191843,none
C:\Users\muldi\Documents\Playground\University\senior-project-1\dataset\internet\clear\เพื่อนบ้านหรรษาของจริงๆ.wav,32.9,34.65,มึง,0.7314242,none
C:\Users\muldi\Documents\Playground\University\senior-project-1\dataset\internet\clear\เพื่อนบ้านหรรษาของจริงๆ.wav,37.1,37.8,มึง,0.7835839,none
C:\Users\muldi\Documents\Playground\University\senior-project-1\dataset\internet\clear\เพื่อนบ้านหรรษาของจริงๆ.wav,40.25,41.3,มึง,0.8154399,none
C:\Users\muldi\Documents\Playground\University\senior-project-1\dataset\internet\clear\เพื่อนบ้านหรรษาของจริงๆ.wav,42.0,43.4,มึง,0.84847736,none
C:\Users\muldi\Documents\Playground\University\senior-project-1\dataset\internet\clear\เพื่อนบ้านหรรษาของจริงๆ.wav,51.8,54.6,มึง,0.89251536,none
C:\Users\muldi\Documents\Playground\University\senior-project-1\dataset\internet\clear\เพื่อนบ้านหรรษาของจริงๆ.wav,11.2,11.9,เย็ด,0.72383595,none
C:\Users\muldi\Documents\Playground\University\senior-project-1\dataset\internet\clear\เพื่อนบ้านหรรษาของจริงๆ.wav,15.75,16.45,เย็ด,0.69216484,none
C:\Users\muldi\Documents\Playground\University\senior-project-1\dataset\internet\clear\เพื่อนบ้านหรรษาของจริงๆ.wav,18.2,18.9,เย็ด,0.6346228,none
C:\Users\muldi\Documents\Playground\University\senior-project-1\dataset\internet\clear\เพื่อนบ้านหรรษาของจริงๆ.wav,28.0,28.7,เย็ด,0.40115893,none
C:\Users\muldi\Documents\Playground\University\senior-project-1\dataset\internet\clear\เพื่อนบ้านหรรษาของจริงๆ.wav,0.0,4.55,เหี้ย,0.93236226,none
C:\Users\muldi\Documents\Playground\University\senior-project-1\dataset\internet\clear\เพื่อนบ้านหรรษาของจริงๆ.wav,8.05,8.75,เหี้ย,0.49665317,none
C:\Users\muldi\Documents\Playground\University\senior-project-1\dataset\internet\clear\เพื่อนบ้านหรรษาของจริงๆ.wav,32.2,32.9,เหี้ย,0.73676836,none
C:\Users\muldi\Documents\Playground\University\senior-project-1\dataset\internet\clear\เพื่อนบ้านหรรษาของจริงๆ.wav,37.45,38.5,เหี้ย,0.87351435,เหี้ย
C:\Users\muldi\Documents\Playground\University\senior-project-1\dataset\internet\clear\เพื่อนบ้านหรรษาของจริงๆ.wav,58.8,60.9,เหี้ย,0.9343001,none
C:\Users\muldi\Documents\Playground\University\senior-project-1\dataset\internet\clear\โอ๊ต.wav,2.45,3.5,กู,0.7536233,none
C:\Users\muldi\Documents\Playground\University\senior-project-1\dataset\internet\clear\โอ๊ต.wav,5.6,6.3,กู,0.6895115,none
C:\Users\muldi\Documents\Playground\University\senior-project-1\dataset\internet\clear\โอ๊ต.wav,9.1,9.8,กู,0.81580657,none
C:\Users\muldi\Documents\Playground\University\senior-project-1\dataset\internet\clear\โอ๊ต.wav,11.2,11.9,กู,0.5044804,none
C:\Users\muldi\Documents\Playground\University\senior-project-1\dataset\internet\clear\โอ๊ต.wav,20.3,21.0,กู,0.71360093,กู
C:\Users\muldi\Documents\Playground\University\senior-project-1\dataset\internet\clear\โอ๊ต.wav,53.9,54.6,กู,0.6274757,none
C:\Users\muldi\Documents\Playground\University\senior-project-1\dataset\internet\clear\โอ๊ต.wav,63.35,64.05,กู,0.56383187,none
C:\Users\muldi\Documents\Playground\University\senior-project-1\dataset\internet\clear\โอ๊ต.wav,69.3,70.0,กู,0.6968279,none
C:\Users\muldi\Documents\Playground\University\senior-project-1\dataset\internet\clear\โอ๊ต.wav,79.8,80.85,กู,0.6573599,none
C:\Users\muldi\Documents\Playground\University\senior-project-1\dataset\internet\clear\โอ๊ต.wav,86.8,87.5,กู,0.6303083,none
C:\Users\muldi\Documents\Playground\University\senior-project-1\dataset\internet\clear\โอ๊ต.wav,111.3,112.0,กู,0.59115326,none
C:\Users\muldi\Documents\Playground\University\senior-project-1\dataset\internet\clear\โอ๊ต.wav,112.35,113.05,กู,0.70189357,none
C:\Users\muldi\Documents\Playground\University\senior-project-1\dataset\internet\clear\โอ๊ต.wav,125.3,126.0,กู,0.6399443,none
C:\Users\muldi\Documents\Playground\University\senior-project-1\dataset\internet\clear\โอ๊ต.wav,162.75,163.8,กู,0.82506186,none
C:\Users\muldi\Documents\Playground\University\senior-project-1\dataset\internet\clear\โอ๊ต.wav,164.5,165.55,กู,0.73675865,none
C:\Users\muldi\Documents\Playground\University\senior-project-1\dataset\internet\clear\โอ๊ต.wav,166.25,166.95,กู,0.7643052,none
C:\Users\muldi\Documents\Playground\University\senior-project-1\dataset\internet\clear\โอ๊ต.wav,168.35,169.75,กู,0.7607655,none
C:\Users\muldi\Documents\Playground\University\senior-project-1\dataset\internet\clear\โอ๊ต.wav,172.9,174.65,กู,0.78600377,none
C:\Users\muldi\Documents\Playground\University\senior-project-1\dataset\internet\clear\โอ๊ต.wav,175.7,177.45,กู,0.86240596,none
C:\Users\muldi\Documents\Playground\University\senior-project-1\dataset\internet\clear\โอ๊ต.wav,178.5,179.2,กู,0.62012553,none
C:\Users\muldi\Documents\Playground\University\senior-project-1\dataset\internet\clear\โอ๊ต.wav,179.55,180.25,กู,0.7485382,none
C:\Users\muldi\Documents\Playground\University\senior-project-1\dataset\internet\clear\โอ๊ต.wav,180.95,182.0,กู,0.8621752,none
C:\Users\muldi\Documents\Playground\University\senior-project-1\dataset\internet\clear\โอ๊ต.wav,184.45,185.5,กู,0.75783825,none
C:\Users\muldi\Documents\Playground\University\senior-project-1\dataset\internet\clear\โอ๊ต.wav,187.95,189.7,กู,0.8602408,none
C:\Users\muldi\Documents\Playground\University\senior-project-1\dataset\internet\clear\โอ๊ต.wav,191.1,193.55,กู,0.8549558,none
C:\Users\muldi\Documents\Playground\University\senior-project-1\dataset\internet\clear\โอ๊ต.wav,204.75,205.45,กู,0.56886214,none
C:\Users\muldi\Documents\Playground\University\senior-project-1\dataset\internet\clear\โอ๊ต.wav,218.4,219.1,กู,0.5141278,none
C:\Users\muldi\Documents\Playground\University\senior-project-1\dataset\internet\clear\โอ๊ต.wav,223.65,225.4,กู,0.7387111,none
C:\Users\muldi\Documents\Playground\University\senior-project-1\dataset\internet\clear\โอ๊ต.wav,225.75,226.8,กู,0.806278,none
C:\Users\muldi\Documents\Playground\University\senior-project-1\dataset\internet\clear\โอ๊ต.wav,239.05,239.75,กู,0.5335744,กู
C:\Users\muldi\Documents\Playground\University\senior-project-1\dataset\internet\clear\โอ๊ต.wav,244.3,245.0,กู,0.62756926,none
C:\Users\muldi\Documents\Playground\University\senior-project-1\dataset\internet\clear\โอ๊ต.wav,264.6,265.3,กู,0.55472213,none
C:\Users\muldi\Documents\Playground\University\senior-project-1\dataset\internet\clear\โอ๊ต.wav,268.1,269.5,กู,0.8121732,none
C:\Users\muldi\Documents\Playground\University\senior-project-1\dataset\internet\clear\โอ๊ต.wav,269.85,270.9,กู,0.65976864,none
C:\Users\muldi\Documents\Playground\University\senior-project-1\dataset\internet\clear\โอ๊ต.wav,278.95,279.65,กู,0.6910155,none
C:\Users\muldi\Documents\Playground\University\senior-project-1\dataset\internet\clear\โอ๊ต.wav,286.3,287.0,กู,0.62951815,none
C:\Users\muldi\Documents\Playground\University\senior-project-1\dataset\internet\clear\โอ๊ต.wav,288.75,289.45,กู,0.758006,none
C:\Users\muldi\Documents\Playground\University\senior-project-1\dataset\internet\clear\โอ๊ต.wav,299.25,300.65,กู,0.7676329,none
C:\Users\muldi\Documents\Playground\University\senior-project-1\dataset\internet\clear\โอ๊ต.wav,301.35,303.1,กู,0.81173456,none
C:\Users\muldi\Documents\Playground\University\senior-project-1\dataset\internet\clear\โอ๊ต.wav,306.25,306.95,กู,0.7897417,none
C:\Users\muldi\Documents\Playground\University\senior-project-1\dataset\internet\clear\โอ๊ต.wav,317.1,317.8,กู,0.5043134,none
C:\Users\muldi\Documents\Playground\University\senior-project-1\dataset\internet\clear\โอ๊ต.wav,343.7,344.75,กู,0.51031035,none
C:\Users\muldi\Documents\Playground\University\senior-project-1\dataset\internet\clear\โอ๊ต.wav,351.05,351.75,กู,0.5898877,none
C:\Users\muldi\Documents\Playground\University\senior-project-1\dataset\internet\clear\โอ๊ต.wav,361.9,362.6,กู,0.7612091,none
C:\Users\muldi\Documents\Playground\University\senior-project-1\dataset\internet\clear\โอ๊ต.wav,378.35,379.05,กู,0.6784478,none
C:\Users\muldi\Documents\Playground\University\senior-project-1\dataset\internet\clear\โอ๊ต.wav,414.05,414.75,กู,0.5510964,none
C:\Users\muldi\Documents\Playground\University\senior-project-1\dataset\internet\clear\โอ๊ต.wav,417.2,417.9,กู,0.6852302,none
C:\Users\muldi\Documents\Playground\University\senior-project-1\dataset\internet\clear\โอ๊ต.wav,425.6,426.3,กู,0.6562981,none
C:\Users\muldi\Documents\Playground\University\senior-project-1\dataset\internet\clear\โอ๊ต.wav,427.35,428.05,กู,0.6928156,none
C:\Users\muldi\Documents\Playground\University\senior-project-1\dataset\internet\clear\โอ๊ต.wav,492.45,493.5,กู,0.8342352,none
C:\Users\muldi\Documents\Playground\University\senior-project-1\dataset\internet\clear\โอ๊ต.wav,493.85,494.55,กู,0.8396379,none
C:\Users\muldi\Documents\Playground\University\senior-project-1\dataset\internet\clear\โอ๊ต.wav,500.85,501.55,กู,0.6112732,none
C:\Users\muldi\Documents\Playground\University\senior-project-1\dataset\internet\clear\โอ๊ต.wav,504.7,505.4,กู,0.5664758,none
C:\Users\muldi\Documents\Playground\University\senior-project-1\dataset\internet\clear\โอ๊ต.wav,509.25,509.95,กู,0.5717933,none
C:\Users\muldi\Documents\Playground\University\senior-project-1\dataset\internet\clear\โอ๊ต.wav,517.3,518.0,กู,0.56227094,none
C:\Users\muldi\Documents\Playground\University\senior-project-1\dataset\internet\clear\โอ๊ต.wav,575.4,576.1,กู,0.5701948,none
C:\Users\muldi\Documents\Playground\University\senior-project-1\dataset\internet\clear\โอ๊ต.wav,676.55,677.25,กู,0.5542037,none
C:\Users\muldi\Documents\Playground\University\senior-project-1\dataset\internet\clear\โอ๊ต.wav,699.65,700.35,กู,0.7638341,none
C:\Users\muldi\Documents\Playground\University\senior-project-1\dataset\internet\clear\โอ๊ต.wav,717.5,718.2,กู,0.62543124,none
C:\Users\muldi\Documents\Playground\University\senior-project-1\dataset\internet\clear\โอ๊ต.wav,766.15,766.85,กู,0.5387604,none
C:\Users\muldi\Documents\Playground\University\senior-project-1\dataset\internet\clear\โอ๊ต.wav,777.35,778.4,กู,0.68447137,none
C:\Users\muldi\Documents\Playground\University\senior-project-1\dataset\internet\clear\โอ๊ต.wav,782.6,783.65,กู,0.7012713,none
C:\Users\muldi\Documents\Playground\University\senior-project-1\dataset\internet\clear\โอ๊ต.wav,795.55,796.25,กู,0.530618,none
C:\Users\muldi\Documents\Playground\University\senior-project-1\dataset\internet\clear\โอ๊ต.wav,799.05,799.75,กู,0.69339603,none
C:\Users\muldi\Documents\Playground\University\senior-project-1\dataset\internet\clear\โอ๊ต.wav,813.05,813.75,กู,0.63520575,none
C:\Users\muldi\Documents\Playground\University\senior-project-1\dataset\internet\clear\โอ๊ต.wav,908.95,910.0,กู,0.61709404,none
C:\Users\muldi\Documents\Playground\University\senior-project-1\dataset\internet\clear\โอ๊ต.wav,910.35,911.75,กู,0.7174538,none
C:\Users\muldi\Documents\Playground\University\senior-project-1\dataset\internet\clear\โอ๊ต.wav,913.5,914.2,กู,0.50878984,none
C:\Users\muldi\Documents\Playground\University\senior-project-1\dataset\internet\clear\โอ๊ต.wav,920.85,921.9,กู,0.82648504,none
C:\Users\muldi\Documents\Playground\University\senior-project-1\dataset\internet\clear\โอ๊ต.wav,961.8,962.5,กู,0.6597268,none
C:\Users\muldi\Documents\Playground\University\senior-project-1\dataset\internet\clear\โอ๊ต.wav,964.25,964.95,กู,0.56463957,none
C:\Users\muldi\Documents\Playground\University\senior-project-1\dataset\internet\clear\โอ๊ต.wav,979.65,980.35,กู,0.49577194,none
C:\Users\muldi\Documents\Playground\University\senior-project-1\dataset\internet\clear\โอ๊ต.wav,982.8,983.5,กู,0.59777874,none
C:\Users\muldi\Documents\Playground\University\senior-project-1\dataset\internet\clear\โอ๊ต.wav,987.35,988.05,กู,0.7115935,none
C:\Users\muldi\Documents\Playground\University\senior-project-1\dataset\internet\clear\โอ๊ต.wav,992.95,993.65,กู,0.6912455,none
C:\Users\muldi\Documents\Playground\University\senior-project-1\dataset\internet\clear\โอ๊ต.wav,998.55,999.25,กู,0.5435129,none
C:\Users\muldi\Documents\Playground\University\senior-project-1\dataset\internet\clear\โอ๊ต.wav,1006.25,1006.95,กู,0.6095304,none
C:\Users\muldi\Documents\Playground\University\senior-project-1\dataset\internet\clear\โอ๊ต.wav,1009.75,1010.45,กู,0.6570074,none
C:\Users\muldi\Documents\Playground\University\senior-project-1\dataset\internet\clear\โอ๊ต.wav,1010.8,1011.85,กู,0.80135477,none
C:\Users\muldi\Documents\Playground\University\senior-project-1\dataset\internet\clear\โอ๊ต.wav,1025.85,1026.55,กู,0.775384,none
C:\Users\muldi\Documents\Playground\University\senior-project-1\dataset\internet\clear\โอ๊ต.wav,1032.15,1032.85,กู,0.5125896,none
C:\Users\muldi\Documents\Playground\University\senior-project-1\dataset\internet\clear\โอ๊ต.wav,1033.55,1034.95,กู,0.72293913,none
C:\Users\muldi\Documents\Playground\University\senior-project-1\dataset\internet\clear\โอ๊ต.wav,1043.35,1044.05,กู,0.7837774,none
C:\Users\muldi\Documents\Playground\University\senior-project-1\dataset\internet\clear\โอ๊ต.wav,1055.6,1056.3,กู,0.7539248,none
C:\Users\muldi\Documents\Playground\University\senior-project-1\dataset\internet\clear\โอ๊ต.wav,1060.85,1061.9,กู,0.6482317,none
C:\Users\muldi\Documents\Playground\University\senior-project-1\dataset\internet\clear\โอ๊ต.wav,1064.35,1065.05,กู,0.7003721,none
C:\Users\muldi\Documents\Playground\University\senior-project-1\dataset\internet\clear\โอ๊ต.wav,1069.95,1070.65,กู,0.65795994,none
C:\Users\muldi\Documents\Playground\University\senior-project-1\dataset\internet\clear\โอ๊ต.wav,1071.35,1072.4,กู,0.7098087,none
C:\Users\muldi\Documents\Playground\University\senior-project-1\dataset\internet\clear\โอ๊ต.wav,1095.85,1097.25,กู,0.67772794,none
C:\Users\muldi\Documents\Playground\University\senior-project-1\dataset\internet\clear\โอ๊ต.wav,1102.15,1102.85,กู,0.59479755,none
C:\Users\muldi\Documents\Playground\University\senior-project-1\dataset\internet\clear\โอ๊ต.wav,1103.2,1103.9,กู,0.5398743,none
C:\Users\muldi\Documents\Playground\University\senior-project-1\dataset\internet\clear\โอ๊ต.wav,1129.8,1130.85,กู,0.6793985,none
C:\Users\muldi\Documents\Playground\University\senior-project-1\dataset\internet\clear\โอ๊ต.wav,1155.7,1156.4,กู,0.50817096,none
C:\Users\muldi\Documents\Playground\University\senior-project-1\dataset\internet\clear\โอ๊ต.wav,1169.35,1170.05,กู,0.5495936,กู
C:\Users\muldi\Documents\Playground\University\senior-project-1\dataset\internet\clear\โอ๊ต.wav,1177.05,1177.75,กู,0.5561001,none
C:\Users\muldi\Documents\Playground\University\senior-project-1\dataset\internet\clear\โอ๊ต.wav,1180.9,1181.6,กู,0.7116574,none
C:\Users\muldi\Documents\Playground\University\senior-project-1\dataset\internet\clear\โอ๊ต.wav,1217.3,1218.0,กู,0.666838,none
C:\Users\muldi\Documents\Playground\University\senior-project-1\dataset\internet\clear\โอ๊ต.wav,1218.7,1219.75,กู,0.7695575,none
C:\Users\muldi\Documents\Playground\University\senior-project-1\dataset\internet\clear\โอ๊ต.wav,1222.9,1223.6,กู,0.54922587,none
C:\Users\muldi\Documents\Playground\University\senior-project-1\dataset\internet\clear\โอ๊ต.wav,1258.25,1258.95,กู,0.5056176,none
C:\Users\muldi\Documents\Playground\University\senior-project-1\dataset\internet\clear\โอ๊ต.wav,1267.35,1268.4,กู,0.81133074,none
C:\Users\muldi\Documents\Playground\University\senior-project-1\dataset\internet\clear\โอ๊ต.wav,1270.85,1271.55,กู,0.6915209,none
C:\Users\muldi\Documents\Playground\University\senior-project-1\dataset\internet\clear\โอ๊ต.wav,1278.9,1279.6,กู,0.55357057,none
C:\Users\muldi\Documents\Playground\University\senior-project-1\dataset\internet\clear\โอ๊ต.wav,1288.7,1289.75,กู,0.7026805,none
C:\Users\muldi\Documents\Playground\University\senior-project-1\dataset\internet\clear\โอ๊ต.wav,1293.95,1294.65,กู,0.56246257,none
C:\Users\muldi\Documents\Playground\University\senior-project-1\dataset\internet\clear\โอ๊ต.wav,1295.7,1296.4,กู,0.65843993,none
C:\Users\muldi\Documents\Playground\University\senior-project-1\dataset\internet\clear\โอ๊ต.wav,1335.25,1336.65,กู,0.82694924,none
C:\Users\muldi\Documents\Playground\University\senior-project-1\dataset\internet\clear\โอ๊ต.wav,1339.1,1341.2,กู,0.85199726,none
C:\Users\muldi\Documents\Playground\University\senior-project-1\dataset\internet\clear\โอ๊ต.wav,1343.65,1344.7,กู,0.65258783,none
C:\Users\muldi\Documents\Playground\University\senior-project-1\dataset\internet\clear\โอ๊ต.wav,1346.1,1346.8,กู,0.7404861,none
C:\Users\muldi\Documents\Playground\University\senior-project-1\dataset\internet\clear\โอ๊ต.wav,1353.8,1354.5,กู,0.69649017,none
C:\Users\muldi\Documents\Playground\University\senior-project-1\dataset\internet\clear\โอ๊ต.wav,3.85,4.55,มึง,0.7369261,none
C:\Users\muldi\Documents\Playground\University\senior-project-1\dataset\internet\clear\โอ๊ต.wav,8.4,9.1,มึง,0.7695575,none
C:\Users\muldi\Documents\Playground\University\senior-project-1\dataset\internet\clear\โอ๊ต.wav,9.45,10.85,มึง,0.8974131,none
C:\Users\muldi\Documents\Playground\University\senior-project-1\dataset\internet\clear\โอ๊ต.wav,32.9,33.6,มึง,0.66965944,none
C:\Users\muldi\Documents\Playground\University\senior-project-1\dataset\internet\clear\โอ๊ต.wav,43.75,45.5,มึง,0.6114118,none
C:\Users\muldi\Documents\Playground\University\senior-project-1\dataset\internet\clear\โอ๊ต.wav,46.9,48.3,มึง,0.79275227,none
C:\Users\muldi\Documents\Playground\University\senior-project-1\dataset\internet\clear\โอ๊ต.wav,52.15,52.85,มึง,0.59230334,none
C:\Users\muldi\Documents\Playground\University\senior-project-1\dataset\internet\clear\โอ๊ต.wav,64.4,65.1,มึง,0.8107703,none
C:\Users\muldi\Documents\Playground\University\senior-project-1\dataset\internet\clear\โอ๊ต.wav,68.95,69.65,มึง,0.66585726,none
C:\Users\muldi\Documents\Playground\University\senior-project-1\dataset\internet\clear\โอ๊ต.wav,72.8,73.85,มึง,0.5773182,none
C:\Users\muldi\Documents\Playground\University\senior-project-1\dataset\internet\clear\โอ๊ต.wav,75.95,78.75,มึง,0.8517572,none
C:\Users\muldi\Documents\Playground\University\senior-project-1\dataset\internet\clear\โอ๊ต.wav,93.1,93.8,มึง,0.6012395,none
C:\Users\muldi\Documents\Playground\University\senior-project-1\dataset\internet\clear\โอ๊ต.wav,94.5,95.2,มึง,0.68108714,none
C:\Users\muldi\Documents\Playground\University\senior-project-1\dataset\internet\clear\โอ๊ต.wav,106.05,108.15,มึง,0.7012436,none
C:\Users\muldi\Documents\Playground\University\senior-project-1\dataset\internet\clear\โอ๊ต.wav,108.5,109.2,มึง,0.55791944,none
C:\Users\muldi\Documents\Playground\University\senior-project-1\dataset\internet\clear\โอ๊ต.wav,116.55,117.25,มึง,0.7061272,none
C:\Users\muldi\Documents\Playground\University\senior-project-1\dataset\internet\clear\โอ๊ต.wav,119.35,120.05,มึง,0.876714,none
C:\Users\muldi\Documents\Playground\University\senior-project-1\dataset\internet\clear\โอ๊ต.wav,148.4,149.45,มึง,0.8953928,none
C:\Users\muldi\Documents\Playground\University\senior-project-1\dataset\internet\clear\โอ๊ต.wav,159.6,160.65,มึง,0.9075754,none
C:\Users\muldi\Documents\Playground\University\senior-project-1\dataset\internet\clear\โอ๊ต.wav,161.35,162.05,มึง,0.9076314,none
C:\Users\muldi\Documents\Playground\University\senior-project-1\dataset\internet\clear\โอ๊ต.wav,165.9,166.6,มึง,0.5460966,none
C:\Users\muldi\Documents\Playground\University\senior-project-1\dataset\internet\clear\โอ๊ต.wav,169.4,170.1,มึง,0.5344932,none
C:\Users\muldi\Documents\Playground\University\senior-project-1\dataset\internet\clear\โอ๊ต.wav,178.85,179.55,มึง,0.8985852,none
C:\Users\muldi\Documents\Playground\University\senior-project-1\dataset\internet\clear\โอ๊ต.wav,189.35,190.05,มึง,0.59358984,none
C:\Users\muldi\Documents\Playground\University\senior-project-1\dataset\internet\clear\โอ๊ต.wav,217.7,218.4,มึง,0.5419333,none
C:\Users\muldi\Documents\Playground\University\senior-project-1\dataset\internet\clear\โอ๊ต.wav,236.95,237.65,มึง,0.7686692,none
C:\Users\muldi\Documents\Playground\University\senior-project-1\dataset\internet\clear\โอ๊ต.wav,271.95,273.0,มึง,0.7330718,none
C:\Users\muldi\Documents\Playground\University\senior-project-1\dataset\internet\clear\โอ๊ต.wav,276.15,276.85,มึง,0.5320402,none
C:\Users\muldi\Documents\Playground\University\senior-project-1\dataset\internet\clear\โอ๊ต.wav,293.65,295.05,มึง,0.7199317,none
C:\Users\muldi\Documents\Playground\University\senior-project-1\dataset\internet\clear\โอ๊ต.wav,300.3,301.0,มึง,0.6258696,none
C:\Users\muldi\Documents\Playground\University\senior-project-1\dataset\internet\clear\โอ๊ต.wav,303.1,303.8,มึง,0.63066524,none
C:\Users\muldi\Documents\Playground\University\senior-project-1\dataset\internet\clear\โอ๊ต.wav,322.0,322.7,มึง,0.5969007,none
C:\Users\muldi\Documents\Playground\University\senior-project-1\dataset\internet\clear\โอ๊ต.wav,338.1,338.8,มึง,0.745869,none
C:\Users\muldi\Documents\Playground\University\senior-project-1\dataset\internet\clear\โอ๊ต.wav,342.65,343.35,มึง,0.7481037,none
C:\Users\muldi\Documents\Playground\University\senior-project-1\dataset\internet\clear\โอ๊ต.wav,348.25,348.95,มึง,0.57983017,none
C:\Users\muldi\Documents\Playground\University\senior-project-1\dataset\internet\clear\โอ๊ต.wav,352.45,353.5,มึง,0.73272663,none
C:\Users\muldi\Documents\Playground\University\senior-project-1\dataset\internet\clear\โอ๊ต.wav,393.4,394.1,มึง,0.74816227,none
C:\Users\muldi\Documents\Playground\University\senior-project-1\dataset\internet\clear\โอ๊ต.wav,426.3,427.0,มึง,0.6178463,none
C:\Users\muldi\Documents\Playground\University\senior-project-1\dataset\internet\clear\โอ๊ต.wav,436.8,437.5,มึง,0.57643193,none
C:\Users\muldi\Documents\Playground\University\senior-project-1\dataset\internet\clear\โอ๊ต.wav,473.55,474.25,มึง,0.689991,none
C:\Users\muldi\Documents\Playground\University\senior-project-1\dataset\internet\clear\โอ๊ต.wav,474.6,475.65,มึง,0.71505076,none
C:\Users\muldi\Documents\Playground\University\senior-project-1\dataset\internet\clear\โอ๊ต.wav,490.35,491.05,มึง,0.6156577,none
C:\Users\muldi\Documents\Playground\University\senior-project-1\dataset\internet\clear\โอ๊ต.wav,491.75,492.8,มึง,0.73190296,none
C:\Users\muldi\Documents\Playground\University\senior-project-1\dataset\internet\clear\โอ๊ต.wav,494.2,494.9,มึง,0.7096078,none
C:\Users\muldi\Documents\Playground\University\senior-project-1\dataset\internet\clear\โอ๊ต.wav,513.45,515.2,มึง,0.70267564,none
C:\Users\muldi\Documents\Playground\University\senior-project-1\dataset\internet\clear\โอ๊ต.wav,553.0,553.7,มึง,0.5193444,none
C:\Users\muldi\Documents\Playground\University\senior-project-1\dataset\internet\clear\โอ๊ต.wav,564.9,565.6,มึง,0.59783614,none
C:\Users\muldi\Documents\Playground\University\senior-project-1\dataset\internet\clear\โอ๊ต.wav,565.95,566.65,มึง,0.7746641,none
C:\Users\muldi\Documents\Playground\University\senior-project-1\dataset\internet\clear\โอ๊ต.wav,572.95,573.65,มึง,0.71989816,none
C:\Users\muldi\Documents\Playground\University\senior-project-1\dataset\internet\clear\โอ๊ต.wav,598.5,599.2,มึง,0.6674473,none
C:\Users\muldi\Documents\Playground\University\senior-project-1\dataset\internet\clear\โอ๊ต.wav,643.3,644.0,มึง,0.5514824,none
C:\Users\muldi\Documents\Playground\University\senior-project-1\dataset\internet\clear\โอ๊ต.wav,662.2,662.9,มึง,0.5841056,none
C:\Users\muldi\Documents\Playground\University\senior-project-1\dataset\internet\clear\โอ๊ต.wav,678.3,679.0,มึง,0.78129935,none
C:\Users\muldi\Documents\Playground\University\senior-project-1\dataset\internet\clear\โอ๊ต.wav,687.05,687.75,มึง,0.6057482,none
C:\Users\muldi\Documents\Playground\University\senior-project-1\dataset\internet\clear\โอ๊ต.wav,694.05,694.75,มึง,0.5350345,none
C:\Users\muldi\Documents\Playground\University\senior-project-1\dataset\internet\clear\โอ๊ต.wav,695.8,696.5,มึง,0.6862092,none
C:\Users\muldi\Documents\Playground\University\senior-project-1\dataset\internet\clear\โอ๊ต.wav,698.95,699.65,มึง,0.7085126,none
C:\Users\muldi\Documents\Playground\University\senior-project-1\dataset\internet\clear\โอ๊ต.wav,700.35,701.05,มึง,0.5011278,none
C:\Users\muldi\Documents\Playground\University\senior-project-1\dataset\internet\clear\โอ๊ต.wav,748.65,749.35,มึง,0.5148207,none
C:\Users\muldi\Documents\Playground\University\senior-project-1\dataset\internet\clear\โอ๊ต.wav,752.5,753.2,มึง,0.6083205,none
C:\Users\muldi\Documents\Playground\University\senior-project-1\dataset\internet\clear\โอ๊ต.wav,754.6,755.3,มึง,0.52457154,none
C:\Users\muldi\Documents\Playground\University\senior-project-1\dataset\internet\clear\โอ๊ต.wav,758.1,758.8,มึง,0.69591236,none
C:\Users\muldi\Documents\Playground\University\senior-project-1\dataset\internet\clear\โอ๊ต.wav,766.85,767.55,มึง,0.5792573,none
C:\Users\muldi\Documents\Playground\University\senior-project-1\dataset\internet\clear\โอ๊ต.wav,767.9,768.6,มึง,0.73536146,none
C:\Users\muldi\Documents\Playground\University\senior-project-1\dataset\internet\clear\โอ๊ต.wav,770.0,771.05,มึง,0.7873515,none
C:\Users\muldi\Documents\Playground\University\senior-project-1\dataset\internet\clear\โอ๊ต.wav,779.8,780.5,มึง,0.69727266,none
C:\Users\muldi\Documents\Playground\University\senior-project-1\dataset\internet\clear\โอ๊ต.wav,789.6,790.3,มึง,0.4974248,none
C:\Users\muldi\Documents\Playground\University\senior-project-1\dataset\internet\clear\โอ๊ต.wav,795.2,795.9,มึง,0.6674573,none
C:\Users\muldi\Documents\Playground\University\senior-project-1\dataset\internet\clear\โอ๊ต.wav,800.1,800.8,มึง,0.5373442,none
C:\Users\muldi\Documents\Playground\University\senior-project-1\dataset\internet\clear\โอ๊ต.wav,804.3,805.7,มึง,0.91899836,none
C:\Users\muldi\Documents\Playground\University\senior-project-1\dataset\internet\clear\โอ๊ต.wav,806.05,806.75,มึง,0.9115666,none
C:\Users\muldi\Documents\Playground\University\senior-project-1\dataset\internet\clear\โอ๊ต.wav,825.3,826.0,มึง,0.62767243,none
C:\Users\muldi\Documents\Playground\University\senior-project-1\dataset\internet\clear\โอ๊ต.wav,842.1,843.15,มึง,0.6740504,none
C:\Users\muldi\Documents\Playground\University\senior-project-1\dataset\internet\clear\โอ๊ต.wav,850.5,851.2,มึง,0.72572255,none
C:\Users\muldi\Documents\Playground\University\senior-project-1\dataset\internet\clear\โอ๊ต.wav,851.55,852.25,มึง,0.5367002,none
C:\Users\muldi\Documents\Playground\University\senior-project-1\dataset\internet\clear\โอ๊ต.wav,860.65,861.35,มึง,0.5452999,none
C:\Users\muldi\Documents\Playground\University\senior-project-1\dataset\internet\clear\โอ๊ต.wav,863.1,863.8,มึง,0.64855623,none
C:\Users\muldi\Documents\Playground\University\senior-project-1\dataset\internet\clear\โอ๊ต.wav,872.55,873.25,มึง,0.53873104,none
C:\Users\muldi\Documents\Playground\University\senior-project-1\dataset\internet\clear\โอ๊ต.wav,889.0,889.7,มึง,0.79965746,none
C:\Users\muldi\Documents\Playground\University\senior-project-1\dataset\internet\clear\โอ๊ต.wav,890.4,891.1,มึง,0.5633802,none
C:\Users\muldi\Documents\Playground\University\senior-project-1\dataset\internet\clear\โอ๊ต.wav,894.95,896.35,มึง,0.7731472,none
C:\Users\muldi\Documents\Playground\University\senior-project-1\dataset\internet\clear\โอ๊ต.wav,971.25,972.3,มึง,0.60908145,none
C:\Users\muldi\Documents\Playground\University\senior-project-1\dataset\internet\clear\โอ๊ต.wav,978.95,979.65,มึง,0.60073334,none
C:\Users\muldi\Documents\Playground\University\senior-project-1\dataset\internet\clear\โอ๊ต.wav,989.45,990.15,มึง,0.66272986,none
C:\Users\muldi\Documents\Playground\University\senior-project-1\dataset\internet\clear\โอ๊ต.wav,992.25,992.95,มึง,0.5582312,none
C:\Users\muldi\Documents\Playground\University\senior-project-1\dataset\internet\clear\โอ๊ต.wav,994.35,995.05,มึง,0.6059487,none
C:\Users\muldi\Documents\Playground\University\senior-project-1\dataset\internet\clear\โอ๊ต.wav,999.95,1000.65,มึง,0.6018163,none
C:\Users\muldi\Documents\Playground\University\senior-project-1\dataset\internet\clear\โอ๊ต.wav,1007.3,1008.0,มึง,0.5775051,none
C:\Users\muldi\Documents\Playground\University\senior-project-1\dataset\internet\clear\โอ๊ต.wav,1010.45,1011.15,มึง,0.60536104,none
C:\Users\muldi\Documents\Playground\University\senior-project-1\dataset\internet\clear\โอ๊ต.wav,1014.65,1015.35,มึง,0.63462955,none
C:\Users\muldi\Documents\Playground\University\senior-project-1\dataset\internet\clear\โอ๊ต.wav,1051.75,1052.45,มึง,0.83542156,none
C:\Users\muldi\Documents\Playground\University\senior-project-1\dataset\internet\clear\โอ๊ต.wav,1054.55,1055.25,มึง,0.71604156,none
C:\Users\muldi\Documents\Playground\University\senior-project-1\dataset\internet\clear\โอ๊ต.wav,1105.3,1106.0,มึง,0.76114696,none
C:\Users\muldi\Documents\Playground\University\senior-project-1\dataset\internet\clear\โอ๊ต.wav,1106.35,1107.05,มึง,0.56740993,none
C:\Users\muldi\Documents\Playground\University\senior-project-1\dataset\internet\clear\โอ๊ต.wav,1110.55,1111.6,มึง,0.6843996,none
C:\Users\muldi\Documents\Playground\University\senior-project-1\dataset\internet\clear\โอ๊ต.wav,1120.7,1121.4,มึง,0.5867873,none
C:\Users\muldi\Documents\Playground\University\senior-project-1\dataset\internet\clear\โอ๊ต.wav,1160.25,1160.95,มึง,0.6713816,none
C:\Users\muldi\Documents\Playground\University\senior-project-1\dataset\internet\clear\โอ๊ต.wav,1199.8,1201.55,มึง,0.63369286,none
C:\Users\muldi\Documents\Playground\University\senior-project-1\dataset\internet\clear\โอ๊ต.wav,1206.8,1207.5,มึง,0.5045841,none
C:\Users\muldi\Documents\Playground\University\senior-project-1\dataset\internet\clear\โอ๊ต.wav,1216.95,1218.7,มึง,0.80402035,none
C:\Users\muldi\Documents\Playground\University\senior-project-1\dataset\internet\clear\โอ๊ต.wav,1236.9,1237.6,มึง,0.6004776,none
C:\Users\muldi\Documents\Playground\University\senior-project-1\dataset\internet\clear\โอ๊ต.wav,1243.2,1244.6,มึง,0.72345036,none
C:\Users\muldi\Documents\Playground\University\senior-project-1\dataset\internet\clear\โอ๊ต.wav,1259.65,1260.35,มึง,0.79001933,none
C:\Users\muldi\Documents\Playground\University\senior-project-1\dataset\internet\clear\โอ๊ต.wav,1274.7,1275.4,มึง,0.71729267,none
C:\Users\muldi\Documents\Playground\University\senior-project-1\dataset\internet\clear\โอ๊ต.wav,1281.35,1282.75,มึง,0.668803,none
C:\Users\muldi\Documents\Playground\University\senior-project-1\dataset\internet\clear\โอ๊ต.wav,1284.85,1285.9,มึง,0.8223579,none
C:\Users\muldi\Documents\Playground\University\senior-project-1\dataset\internet\clear\โอ๊ต.wav,1291.5,1292.2,มึง,0.5113936,none
C:\Users\muldi\Documents\Playground\University\senior-project-1\dataset\internet\clear\โอ๊ต.wav,1332.45,1333.5,มึง,0.8166265,none
C:\Users\muldi\Documents\Playground\University\senior-project-1\dataset\internet\clear\โอ๊ต.wav,1334.2,1335.6,มึง,0.8822721,none
C:\Users\muldi\Documents\Playground\University\senior-project-1\dataset\internet\clear\โอ๊ต.wav,1338.4,1339.1,มึง,0.65645957,none
C:\Users\muldi\Documents\Playground\University\senior-project-1\dataset\internet\clear\โอ๊ต.wav,33.6,34.3,เย็ด,0.5553203,none
C:\Users\muldi\Documents\Playground\University\senior-project-1\dataset\internet\clear\โอ๊ต.wav,56.0,56.7,เย็ด,0.49738324,none
C:\Users\muldi\Documents\Playground\University\senior-project-1\dataset\internet\clear\โอ๊ต.wav,61.25,61.95,เย็ด,0.4577631,none
C:\Users\muldi\Documents\Playground\University\senior-project-1\dataset\internet\clear\โอ๊ต.wav,66.85,67.55,เย็ด,0.86499536,none
C:\Users\muldi\Documents\Playground\University\senior-project-1\dataset\internet\clear\โอ๊ต.wav,87.85,88.55,เย็ด,0.8876496,none
C:\Users\muldi\Documents\Playground\University\senior-project-1\dataset\internet\clear\โอ๊ต.wav,151.55,152.25,เย็ด,0.5521505,none
C:\Users\muldi\Documents\Playground\University\senior-project-1\dataset\internet\clear\โอ๊ต.wav,160.3,161.35,เย็ด,0.95092124,none
C:\Users\muldi\Documents\Playground\University\senior-project-1\dataset\internet\clear\โอ๊ต.wav,161.7,162.75,เย็ด,0.61596245,none
C:\Users\muldi\Documents\Playground\University\senior-project-1\dataset\internet\clear\โอ๊ต.wav,163.45,164.5,เย็ด,0.9587589,none
C:\Users\muldi\Documents\Playground\University\senior-project-1\dataset\internet\clear\โอ๊ต.wav,165.2,165.9,เย็ด,0.83689076,none
C:\Users\muldi\Documents\Playground\University\senior-project-1\dataset\internet\clear\โอ๊ต.wav,166.6,168.35,เย็ด,0.91173327,none
C:\Users\muldi\Documents\Playground\University\senior-project-1\dataset\internet\clear\โอ๊ต.wav,170.1,170.8,เย็ด,0.9325322,none
C:\Users\muldi\Documents\Playground\University\senior-project-1\dataset\internet\clear\โอ๊ต.wav,171.15,172.2,เย็ด,0.8495997,none
C:\Users\muldi\Documents\Playground\University\senior-project-1\dataset\internet\clear\โอ๊ต.wav,172.55,173.25,เย็ด,0.92849016,none
C:\Users\muldi\Documents\Playground\University\senior-project-1\dataset\internet\clear\โอ๊ต.wav,174.3,175.0,เย็ด,0.8848498,none
C:\Users\muldi\Documents\Playground\University\senior-project-1\dataset\internet\clear\โอ๊ต.wav,175.35,176.05,เย็ด,0.4791438,none
C:\Users\muldi\Documents\Playground\University\senior-project-1\dataset\internet\clear\โอ๊ต.wav,177.1,178.85,เย็ด,0.9469753,none
C:\Users\muldi\Documents\Playground\University\senior-project-1\dataset\internet\clear\โอ๊ต.wav,179.2,181.3,เย็ด,0.9466996,none
C:\Users\muldi\Documents\Playground\University\senior-project-1\dataset\internet\clear\โอ๊ต.wav,182.35,183.05,เย็ด,0.92526054,none
C:\Users\muldi\Documents\Playground\University\senior-project-1\dataset\internet\clear\โอ๊ต.wav,183.4,184.45,เย็ด,0.9591408,none
C:\Users\muldi\Documents\Playground\University\senior-project-1\dataset\internet\clear\โอ๊ต.wav,185.85,187.25,เย็ด,0.9564379,none
C:\Users\muldi\Documents\Playground\University\senior-project-1\dataset\internet\clear\โอ๊ต.wav,190.05,191.45,เย็ด,0.93851495,none
C:\Users\muldi\Documents\Playground\University\senior-project-1\dataset\internet\clear\โอ๊ต.wav,193.9,194.6,เย็ด,0.9584913,none
C:\Users\muldi\Documents\Playground\University\senior-project-1\dataset\internet\clear\โอ๊ต.wav,264.95,266.0,เย็ด,0.9366596,none
C:\Users\muldi\Documents\Playground\University\senior-project-1\dataset\internet\clear\โอ๊ต.wav,276.5,277.2,เย็ด,0.80973935,none
C:\Users\muldi\Documents\Playground\University\senior-project-1\dataset\internet\clear\โอ๊ต.wav,290.15,290.85,เย็ด,0.819618,none
C:\Users\muldi\Documents\Playground\University\senior-project-1\dataset\internet\clear\โอ๊ต.wav,306.95,308.35,เย็ด,0.9285636,none
C:\Users\muldi\Documents\Playground\University\senior-project-1\dataset\internet\clear\โอ๊ต.wav,336.0,336.7,เย็ด,0.38136935,none
C:\Users\muldi\Documents\Playground\University\senior-project-1\dataset\internet\clear\โอ๊ต.wav,349.3,350.0,เย็ด,0.5133948,none
C:\Users\muldi\Documents\Playground\University\senior-project-1\dataset\internet\clear\โอ๊ต.wav,402.5,403.2,เย็ด,0.52009326,none
C:\Users\muldi\Documents\Playground\University\senior-project-1\dataset\internet\clear\โอ๊ต.wav,432.25,432.95,เย็ด,0.88606894,none
C:\Users\muldi\Documents\Playground\University\senior-project-1\dataset\internet\clear\โอ๊ต.wav,452.9,453.6,เย็ด,0.56654406,none
C:\Users\muldi\Documents\Playground\University\senior-project-1\dataset\internet\clear\โอ๊ต.wav,463.05,463.75,เย็ด,0.8806086,none
C:\Users\muldi\Documents\Playground\University\senior-project-1\dataset\internet\clear\โอ๊ต.wav,487.55,488.25,เย็ด,0.5033236,none
C:\Users\muldi\Documents\Playground\University\senior-project-1\dataset\internet\clear\โอ๊ต.wav,517.65,518.35,เย็ด,0.7792644,none
C:\Users\muldi\Documents\Playground\University\senior-project-1\dataset\internet\clear\โอ๊ต.wav,541.8,542.5,เย็ด,0.48821875,none
C:\Users\muldi\Documents\Playground\University\senior-project-1\dataset\internet\clear\โอ๊ต.wav,676.9,677.6,เย็ด,0.5050965,none
C:\Users\muldi\Documents\Playground\University\senior-project-1\dataset\internet\clear\โอ๊ต.wav,798.35,799.4,เย็ด,0.939537,none
C:\Users\muldi\Documents\Playground\University\senior-project-1\dataset\internet\clear\โอ๊ต.wav,808.85,809.55,เย็ด,0.67549044,none
C:\Users\muldi\Documents\Playground\University\senior-project-1\dataset\internet\clear\โอ๊ต.wav,909.65,910.35,เย็ด,0.930887,none
C:\Users\muldi\Documents\Playground\University\senior-project-1\dataset\internet\clear\โอ๊ต.wav,963.55,964.25,เย็ด,0.67973816,none
C:\Users\muldi\Documents\Playground\University\senior-project-1\dataset\internet\clear\โอ๊ต.wav,965.3,966.0,เย็ด,0.9124823,none
C:\Users\muldi\Documents\Playground\University\senior-project-1\dataset\internet\clear\โอ๊ต.wav,1000.3,1001.0,เย็ด,0.5085896,none
C:\Users\muldi\Documents\Playground\University\senior-project-1\dataset\internet\clear\โอ๊ต.wav,1002.4,1003.1,เย็ด,0.6176618,none
C:\Users\muldi\Documents\Playground\University\senior-project-1\dataset\internet\clear\โอ๊ต.wav,1039.85,1040.9,เย็ด,0.8710772,none
C:\Users\muldi\Documents\Playground\University\senior-project-1\dataset\internet\clear\โอ๊ต.wav,1058.75,1059.45,เย็ด,0.50469446,none
C:\Users\muldi\Documents\Playground\University\senior-project-1\dataset\internet\clear\โอ๊ต.wav,1097.25,1097.95,เย็ด,0.8266093,none
C:\Users\muldi\Documents\Playground\University\senior-project-1\dataset\internet\clear\โอ๊ต.wav,1099.0,1099.7,เย็ด,0.79534763,none
C:\Users\muldi\Documents\Playground\University\senior-project-1\dataset\internet\clear\โอ๊ต.wav,1104.95,1105.65,เย็ด,0.7763486,none
C:\Users\muldi\Documents\Playground\University\senior-project-1\dataset\internet\clear\โอ๊ต.wav,1158.15,1159.55,เย็ด,0.8001729,none
C:\Users\muldi\Documents\Playground\University\senior-project-1\dataset\internet\clear\โอ๊ต.wav,1220.1,1220.8,เย็ด,0.6364125,none
C:\Users\muldi\Documents\Playground\University\senior-project-1\dataset\internet\clear\โอ๊ต.wav,1258.95,1259.65,เย็ด,0.5344676,none
C:\Users\muldi\Documents\Playground\University\senior-project-1\dataset\internet\clear\โอ๊ต.wav,1282.75,1283.45,เย็ด,0.6703736,none
C:\Users\muldi\Documents\Playground\University\senior-project-1\dataset\internet\clear\โอ๊ต.wav,1324.75,1325.45,เย็ด,0.79437363,none
C:\Users\muldi\Documents\Playground\University\senior-project-1\dataset\internet\clear\โอ๊ต.wav,1333.85,1334.55,เย็ด,0.8206406,none
C:\Users\muldi\Documents\Playground\University\senior-project-1\dataset\internet\clear\โอ๊ต.wav,1336.3,1337.35,เย็ด,0.926036,none
C:\Users\muldi\Documents\Playground\University\senior-project-1\dataset\internet\clear\โอ๊ต.wav,1338.75,1339.45,เย็ด,0.93847024,none
C:\Users\muldi\Documents\Playground\University\senior-project-1\dataset\internet\clear\โอ๊ต.wav,1341.9,1342.6,เย็ด,0.89798737,none
C:\Users\muldi\Documents\Playground\University\senior-project-1\dataset\internet\clear\โอ๊ต.wav,1344.7,1346.45,เย็ด,0.9381605,none
C:\Users\muldi\Documents\Playground\University\senior-project-1\dataset\internet\clear\โอ๊ต.wav,1346.8,1348.2,เย็ด,0.923104,none
C:\Users\muldi\Documents\Playground\University\senior-project-1\dataset\internet\clear\โอ๊ต.wav,1349.25,1349.95,เย็ด,0.49336064,none
C:\Users\muldi\Documents\Playground\University\senior-project-1\dataset\internet\clear\โอ๊ต.wav,1351.7,1352.75,เย็ด,0.89944845,none
C:\Users\muldi\Documents\Playground\University\senior-project-1\dataset\internet\clear\โอ๊ต.wav,1353.1,1357.65,เย็ด,0.9427282,none
C:\Users\muldi\Documents\Playground\University\senior-project-1\dataset\internet\clear\โอ๊ต.wav,17.15,17.85,เหี้ย,0.77875715,none
C:\Users\muldi\Documents\Playground\University\senior-project-1\dataset\internet\clear\โอ๊ต.wav,19.25,19.95,เหี้ย,0.6785093,none
C:\Users\muldi\Documents\Playground\University\senior-project-1\dataset\internet\clear\โอ๊ต.wav,21.7,22.75,เหี้ย,0.8132126,none
C:\Users\muldi\Documents\Playground\University\senior-project-1\dataset\internet\clear\โอ๊ต.wav,30.1,31.15,เหี้ย,0.90756875,none
C:\Users\muldi\Documents\Playground\University\senior-project-1\dataset\internet\clear\โอ๊ต.wav,34.3,35.0,เหี้ย,0.8357692,none
C:\Users\muldi\Documents\Playground\University\senior-project-1\dataset\internet\clear\โอ๊ต.wav,37.1,37.8,เหี้ย,0.8504446,none
C:\Users\muldi\Documents\Playground\University\senior-project-1\dataset\internet\clear\โอ๊ต.wav,40.95,42.35,เหี้ย,0.8984561,none
C:\Users\muldi\Documents\Playground\University\senior-project-1\dataset\internet\clear\โอ๊ต.wav,50.75,51.8,เหี้ย,0.59607476,none
C:\Users\muldi\Documents\Playground\University\senior-project-1\dataset\internet\clear\โอ๊ต.wav,58.8,59.5,เหี้ย,0.8001095,none
C:\Users\muldi\Documents\Playground\University\senior-project-1\dataset\internet\clear\โอ๊ต.wav,61.95,62.65,เหี้ย,0.82072103,none
C:\Users\muldi\Documents\Playground\University\senior-project-1\dataset\internet\clear\โอ๊ต.wav,65.45,66.5,เหี้ย,0.92789453,none
C:\Users\muldi\Documents\Playground\University\senior-project-1\dataset\internet\clear\โอ๊ต.wav,67.2,68.25,เหี้ย,0.7726629,none
C:\Users\muldi\Documents\Playground\University\senior-project-1\dataset\internet\clear\โอ๊ต.wav,71.05,71.75,เหี้ย,0.67094564,none
C:\Users\muldi\Documents\Playground\University\senior-project-1\dataset\internet\clear\โอ๊ต.wav,72.45,73.15,เหี้ย,0.48519847,none
C:\Users\muldi\Documents\Playground\University\senior-project-1\dataset\internet\clear\โอ๊ต.wav,81.2,82.25,เหี้ย,0.68737614,none
C:\Users\muldi\Documents\Playground\University\senior-project-1\dataset\internet\clear\โอ๊ต.wav,85.4,86.1,เหี้ย,0.57979953,none
C:\Users\muldi\Documents\Playground\University\senior-project-1\dataset\internet\clear\โอ๊ต.wav,88.2,88.9,เหี้ย,0.49906632,none
C:\Users\muldi\Documents\Playground\University\senior-project-1\dataset\internet\clear\โอ๊ต.wav,90.65,91.35,เหี้ย,0.6810835,none
C:\Users\muldi\Documents\Playground\University\senior-project-1\dataset\internet\clear\โอ๊ต.wav,105.35,106.05,เหี้ย,0.6536069,none
C:\Users\muldi\Documents\Playground\University\senior-project-1\dataset\internet\clear\โอ๊ต.wav,109.9,111.3,เหี้ย,0.77584267,none
C:\Users\muldi\Documents\Playground\University\senior-project-1\dataset\internet\clear\โอ๊ต.wav,115.5,116.55,เหี้ย,0.6294674,none
C:\Users\muldi\Documents\Playground\University\senior-project-1\dataset\internet\clear\โอ๊ต.wav,118.65,119.7,เหี้ย,0.8783421,none
C:\Users\muldi\Documents\Playground\University\senior-project-1\dataset\internet\clear\โอ๊ต.wav,121.1,121.8,เหี้ย,0.71844214,none
C:\Users\muldi\Documents\Playground\University\senior-project-1\dataset\internet\clear\โอ๊ต.wav,130.9,131.6,เหี้ย,0.62773275,none
C:\Users\muldi\Documents\Playground\University\senior-project-1\dataset\internet\clear\โอ๊ต.wav,141.05,142.8,เหี้ย,0.5134713,none
C:\Users\muldi\Documents\Playground\University\senior-project-1\dataset\internet\clear\โอ๊ต.wav,145.95,146.65,เหี้ย,0.7043464,none
C:\Users\muldi\Documents\Playground\University\senior-project-1\dataset\internet\clear\โอ๊ต.wav,147.35,148.75,เหี้ย,0.9447755,none
C:\Users\muldi\Documents\Playground\University\senior-project-1\dataset\internet\clear\โอ๊ต.wav,152.95,153.65,เหี้ย,0.8834596,none
C:\Users\muldi\Documents\Playground\University\senior-project-1\dataset\internet\clear\โอ๊ต.wav,161.0,161.7,เหี้ย,0.65906906,none
C:\Users\muldi\Documents\Playground\University\senior-project-1\dataset\internet\clear\โอ๊ต.wav,170.45,171.5,เหี้ย,0.9365459,none
C:\Users\muldi\Documents\Playground\University\senior-project-1\dataset\internet\clear\โอ๊ต.wav,185.15,186.2,เหี้ย,0.8521228,none
C:\Users\muldi\Documents\Playground\University\senior-project-1\dataset\internet\clear\โอ๊ต.wav,189.7,190.4,เหี้ย,0.7041044,none
C:\Users\muldi\Documents\Playground\University\senior-project-1\dataset\internet\clear\โอ๊ต.wav,191.8,192.5,เหี้ย,0.9019628,none
C:\Users\muldi\Documents\Playground\University\senior-project-1\dataset\internet\clear\โอ๊ต.wav,196.35,197.05,เหี้ย,0.5535405,none
C:\Users\muldi\Documents\Playground\University\senior-project-1\dataset\internet\clear\โอ๊ต.wav,198.1,198.8,เหี้ย,0.47701737,none
C:\Users\muldi\Documents\Playground\University\senior-project-1\dataset\internet\clear\โอ๊ต.wav,203.0,203.7,เหี้ย,0.6883012,none
C:\Users\muldi\Documents\Playground\University\senior-project-1\dataset\internet\clear\โอ๊ต.wav,208.25,208.95,เหี้ย,0.6374065,none
C:\Users\muldi\Documents\Playground\University\senior-project-1\dataset\internet\clear\โอ๊ต.wav,213.5,214.2,เหี้ย,0.67409366,none
C:\Users\muldi\Documents\Playground\University\senior-project-1\dataset\internet\clear\โอ๊ต.wav,226.45,227.5,เหี้ย,0.6920954,none
C:\Users\muldi\Documents\Playground\University\senior-project-1\dataset\internet\clear\โอ๊ต.wav,230.3,231.7,เหี้ย,0.7275049,none
C:\Users\muldi\Documents\Playground\University\senior-project-1\dataset\internet\clear\โอ๊ต.wav,235.9,236.6,เหี้ย,0.78901654,none
C:\Users\muldi\Documents\Playground\University\senior-project-1\dataset\internet\clear\โอ๊ต.wav,242.2,242.9,เหี้ย,0.7106006,none
C:\Users\muldi\Documents\Playground\University\senior-project-1\dataset\internet\clear\โอ๊ต.wav,249.2,249.9,เหี้ย,0.5504123,none
C:\Users\muldi\Documents\Playground\University\senior-project-1\dataset\internet\clear\โอ๊ต.wav,251.3,252.0,เหี้ย,0.77044433,none
C:\Users\muldi\Documents\Playground\University\senior-project-1\dataset\internet\clear\โอ๊ต.wav,253.05,253.75,เหี้ย,0.5196721,none
C:\Users\muldi\Documents\Playground\University\senior-project-1\dataset\internet\clear\โอ๊ต.wav,257.25,257.95,เหี้ย,0.53312373,none
C:\Users\muldi\Documents\Playground\University\senior-project-1\dataset\internet\clear\โอ๊ต.wav,266.0,267.4,เหี้ย,0.6486187,none
C:\Users\muldi\Documents\Playground\University\senior-project-1\dataset\internet\clear\โอ๊ต.wav,274.05,275.1,เหี้ย,0.8716484,none
C:\Users\muldi\Documents\Playground\University\senior-project-1\dataset\internet\clear\โอ๊ต.wav,279.65,280.35,เหี้ย,0.70476,none
C:\Users\muldi\Documents\Playground\University\senior-project-1\dataset\internet\clear\โอ๊ต.wav,281.75,282.45,เหี้ย,0.65218943,none
C:\Users\muldi\Documents\Playground\University\senior-project-1\dataset\internet\clear\โอ๊ต.wav,287.0,287.7,เหี้ย,0.7504353,none
C:\Users\muldi\Documents\Playground\University\senior-project-1\dataset\internet\clear\โอ๊ต.wav,309.75,310.45,เหี้ย,0.65526634,none
C:\Users\muldi\Documents\Playground\University\senior-project-1\dataset\internet\clear\โอ๊ต.wav,321.3,322.0,เหี้ย,0.75329393,none
C:\Users\muldi\Documents\Playground\University\senior-project-1\dataset\internet\clear\โอ๊ต.wav,323.05,324.1,เหี้ย,0.6747275,none
C:\Users\muldi\Documents\Playground\University\senior-project-1\dataset\internet\clear\โอ๊ต.wav,350.0,350.7,เหี้ย,0.83441114,none
C:\Users\muldi\Documents\Playground\University\senior-project-1\dataset\internet\clear\โอ๊ต.wav,360.85,361.55,เหี้ย,0.5718092,none
C:\Users\muldi\Documents\Playground\University\senior-project-1\dataset\internet\clear\โอ๊ต.wav,364.35,365.05,เหี้ย,0.49695408,none
C:\Users\muldi\Documents\Playground\University\senior-project-1\dataset\internet\clear\โอ๊ต.wav,374.15,375.2,เหี้ย,0.8416788,none
C:\Users\muldi\Documents\Playground\University\senior-project-1\dataset\internet\clear\โอ๊ต.wav,376.95,377.65,เหี้ย,0.7141071,none
C:\Users\muldi\Documents\Playground\University\senior-project-1\dataset\internet\clear\โอ๊ต.wav,379.4,380.8,เหี้ย,0.8881694,none
C:\Users\muldi\Documents\Playground\University\senior-project-1\dataset\internet\clear\โอ๊ต.wav,387.8,388.85,เหี้ย,0.907883,none
C:\Users\muldi\Documents\Playground\University\senior-project-1\dataset\internet\clear\โอ๊ต.wav,389.9,390.6,เหี้ย,0.5448822,none
C:\Users\muldi\Documents\Playground\University\senior-project-1\dataset\internet\clear\โอ๊ต.wav,395.5,396.2,เหี้ย,0.550238,none
C:\Users\muldi\Documents\Playground\University\senior-project-1\dataset\internet\clear\โอ๊ต.wav,411.25,412.65,เหี้ย,0.6390398,none
C:\Users\muldi\Documents\Playground\University\senior-project-1\dataset\internet\clear\โอ๊ต.wav,417.9,419.3,เหี้ย,0.8020369,none
C:\Users\muldi\Documents\Playground\University\senior-project-1\dataset\internet\clear\โอ๊ต.wav,435.05,435.75,เหี้ย,0.5460105,none
C:\Users\muldi\Documents\Playground\University\senior-project-1\dataset\internet\clear\โอ๊ต.wav,439.6,440.3,เหี้ย,0.5886264,none
C:\Users\muldi\Documents\Playground\University\senior-project-1\dataset\internet\clear\โอ๊ต.wav,440.65,441.35,เหี้ย,0.5597232,none
C:\Users\muldi\Documents\Playground\University\senior-project-1\dataset\internet\clear\โอ๊ต.wav,462.0,463.4,เหี้ย,0.8439216,none
C:\Users\muldi\Documents\Playground\University\senior-project-1\dataset\internet\clear\โอ๊ต.wav,472.85,473.55,เหี้ย,0.7316023,none
C:\Users\muldi\Documents\Playground\University\senior-project-1\dataset\internet\clear\โอ๊ต.wav,473.9,474.6,เหี้ย,0.82641083,none
C:\Users\muldi\Documents\Playground\University\senior-project-1\dataset\internet\clear\โอ๊ต.wav,477.4,478.1,เหี้ย,0.80487525,none
C:\Users\muldi\Documents\Playground\University\senior-project-1\dataset\internet\clear\โอ๊ต.wav,486.15,487.2,เหี้ย,0.64331055,none
C:\Users\muldi\Documents\Playground\University\senior-project-1\dataset\internet\clear\โอ๊ต.wav,501.2,502.95,เหี้ย,0.9471228,none
C:\Users\muldi\Documents\Playground\University\senior-project-1\dataset\internet\clear\โอ๊ต.wav,516.25,517.3,เหี้ย,0.57222843,none
C:\Users\muldi\Documents\Playground\University\senior-project-1\dataset\internet\clear\โอ๊ต.wav,522.55,523.6,เหี้ย,0.8840349,none
C:\Users\muldi\Documents\Playground\University\senior-project-1\dataset\internet\clear\โอ๊ต.wav,547.75,548.45,เหี้ย,0.54611254,none
C:\Users\muldi\Documents\Playground\University\senior-project-1\dataset\internet\clear\โอ๊ต.wav,556.85,557.55,เหี้ย,0.53696644,none
C:\Users\muldi\Documents\Playground\University\senior-project-1\dataset\internet\clear\โอ๊ต.wav,557.9,558.6,เหี้ย,0.73844165,none
C:\Users\muldi\Documents\Playground\University\senior-project-1\dataset\internet\clear\โอ๊ต.wav,569.1,569.8,เหี้ย,0.5381863,none
C:\Users\muldi\Documents\Playground\University\senior-project-1\dataset\internet\clear\โอ๊ต.wav,576.45,579.25,เหี้ย,0.9359053,none
C:\Users\muldi\Documents\Playground\University\senior-project-1\dataset\internet\clear\โอ๊ต.wav,581.7,582.4,เหี้ย,0.7325898,none
C:\Users\muldi\Documents\Playground\University\senior-project-1\dataset\internet\clear\โอ๊ต.wav,589.75,590.45,เหี้ย,0.82951385,none
C:\Users\muldi\Documents\Playground\University\senior-project-1\dataset\internet\clear\โอ๊ต.wav,591.5,592.2,เหี้ย,0.550039,none
C:\Users\muldi\Documents\Playground\University\senior-project-1\dataset\internet\clear\โอ๊ต.wav,597.8,598.85,เหี้ย,0.6183447,none
C:\Users\muldi\Documents\Playground\University\senior-project-1\dataset\internet\clear\โอ๊ต.wav,604.1,605.15,เหี้ย,0.74408114,none
C:\Users\muldi\Documents\Playground\University\senior-project-1\dataset\internet\clear\โอ๊ต.wav,607.95,609.0,เหี้ย,0.87628454,none
C:\Users\muldi\Documents\Playground\University\senior-project-1\dataset\internet\clear\โอ๊ต.wav,609.7,610.4,เหี้ย,0.54742163,none
C:\Users\muldi\Documents\Playground\University\senior-project-1\dataset\internet\clear\โอ๊ต.wav,618.45,619.15,เหี้ย,0.51615477,none
C:\Users\muldi\Documents\Playground\University\senior-project-1\dataset\internet\clear\โอ๊ต.wav,624.05,624.75,เหี้ย,0.5385323,none
C:\Users\muldi\Documents\Playground\University\senior-project-1\dataset\internet\clear\โอ๊ต.wav,625.45,626.15,เหี้ย,0.57325125,none
C:\Users\muldi\Documents\Playground\University\senior-project-1\dataset\internet\clear\โอ๊ต.wav,630.7,631.4,เหี้ย,0.49502036,none
C:\Users\muldi\Documents\Playground\University\senior-project-1\dataset\internet\clear\โอ๊ต.wav,638.4,639.1,เหี้ย,0.50276643,none
C:\Users\muldi\Documents\Playground\University\senior-project-1\dataset\internet\clear\โอ๊ต.wav,642.25,643.3,เหี้ย,0.6658964,none
C:\Users\muldi\Documents\Playground\University\senior-project-1\dataset\internet\clear\โอ๊ต.wav,650.3,651.0,เหี้ย,0.5020055,none
C:\Users\muldi\Documents\Playground\University\senior-project-1\dataset\internet\clear\โอ๊ต.wav,653.45,654.15,เหี้ย,0.55615854,none
C:\Users\muldi\Documents\Playground\University\senior-project-1\dataset\internet\clear\โอ๊ต.wav,655.2,657.65,เหี้ย,0.6935262,none
C:\Users\muldi\Documents\Playground\University\senior-project-1\dataset\internet\clear\โอ๊ต.wav,669.55,670.6,เหี้ย,0.64459866,none
C:\Users\muldi\Documents\Playground\University\senior-project-1\dataset\internet\clear\โอ๊ต.wav,670.95,671.65,เหี้ย,0.4956075,none
C:\Users\muldi\Documents\Playground\University\senior-project-1\dataset\internet\clear\โอ๊ต.wav,675.85,676.9,เหี้ย,0.90630287,none
C:\Users\muldi\Documents\Playground\University\senior-project-1\dataset\internet\clear\โอ๊ต.wav,685.3,686.0,เหี้ย,0.50918794,none
C:\Users\muldi\Documents\Playground\University\senior-project-1\dataset\internet\clear\โอ๊ต.wav,686.35,687.05,เหี้ย,0.49645975,none
C:\Users\muldi\Documents\Playground\University\senior-project-1\dataset\internet\clear\โอ๊ต.wav,689.15,689.85,เหี้ย,0.48734194,none
C:\Users\muldi\Documents\Playground\University\senior-project-1\dataset\internet\clear\โอ๊ต.wav,690.2,690.9,เหี้ย,0.5617337,none
C:\Users\muldi\Documents\Playground\University\senior-project-1\dataset\internet\clear\โอ๊ต.wav,698.25,698.95,เหี้ย,0.7437979,none
C:\Users\muldi\Documents\Playground\University\senior-project-1\dataset\internet\clear\โอ๊ต.wav,701.4,702.1,เหี้ย,0.86687016,none
C:\Users\muldi\Documents\Playground\University\senior-project-1\dataset\internet\clear\โอ๊ต.wav,703.15,704.2,เหี้ย,0.66152585,none
C:\Users\muldi\Documents\Playground\University\senior-project-1\dataset\internet\clear\โอ๊ต.wav,706.3,707.0,เหี้ย,0.5009459,none
C:\Users\muldi\Documents\Playground\University\senior-project-1\dataset\internet\clear\โอ๊ต.wav,714.7,715.4,เหี้ย,0.6953588,none
C:\Users\muldi\Documents\Playground\University\senior-project-1\dataset\internet\clear\โอ๊ต.wav,718.9,719.6,เหี้ย,0.50518936,none
C:\Users\muldi\Documents\Playground\University\senior-project-1\dataset\internet\clear\โอ๊ต.wav,740.25,740.95,เหี้ย,0.50366145,none
C:\Users\muldi\Documents\Playground\University\senior-project-1\dataset\internet\clear\โอ๊ต.wav,749.35,750.05,เหี้ย,0.50249684,none
C:\Users\muldi\Documents\Playground\University\senior-project-1\dataset\internet\clear\โอ๊ต.wav,756.35,757.75,เหี้ย,0.78954226,none
C:\Users\muldi\Documents\Playground\University\senior-project-1\dataset\internet\clear\โอ๊ต.wav,761.25,762.3,เหี้ย,0.9012523,none
C:\Users\muldi\Documents\Playground\University\senior-project-1\dataset\internet\clear\โอ๊ต.wav,772.1,773.15,เหี้ย,0.77453023,none
C:\Users\muldi\Documents\Playground\University\senior-project-1\dataset\internet\clear\โอ๊ต.wav,783.3,784.0,เหี้ย,0.8243524,none
C:\Users\muldi\Documents\Playground\University\senior-project-1\dataset\internet\clear\โอ๊ต.wav,786.1,787.85,เหี้ย,0.82602704,none
C:\Users\muldi\Documents\Playground\University\senior-project-1\dataset\internet\clear\โอ๊ต.wav,792.4,793.8,เหี้ย,0.9580482,none
C:\Users\muldi\Documents\Playground\University\senior-project-1\dataset\internet\clear\โอ๊ต.wav,798.0,798.7,เหี้ย,0.9152757,none
C:\Users\muldi\Documents\Playground\University\senior-project-1\dataset\internet\clear\โอ๊ต.wav,801.15,801.85,เหี้ย,0.65251577,none
C:\Users\muldi\Documents\Playground\University\senior-project-1\dataset\internet\clear\โอ๊ต.wav,816.9,817.95,เหี้ย,0.5712826,none
C:\Users\muldi\Documents\Playground\University\senior-project-1\dataset\internet\clear\โอ๊ต.wav,819.7,820.4,เหี้ย,0.4916533,none
C:\Users\muldi\Documents\Playground\University\senior-project-1\dataset\internet\clear\โอ๊ต.wav,823.55,824.25,เหี้ย,0.53735924,none
C:\Users\muldi\Documents\Playground\University\senior-project-1\dataset\internet\clear\โอ๊ต.wav,826.7,828.8,เหี้ย,0.8143232,none
C:\Users\muldi\Documents\Playground\University\senior-project-1\dataset\internet\clear\โอ๊ต.wav,832.65,833.35,เหี้ย,0.49667704,none
C:\Users\muldi\Documents\Playground\University\senior-project-1\dataset\internet\clear\โอ๊ต.wav,835.8,836.5,เหี้ย,0.8769325,none
C:\Users\muldi\Documents\Playground\University\senior-project-1\dataset\internet\clear\โอ๊ต.wav,843.15,843.85,เหี้ย,0.6604494,none
C:\Users\muldi\Documents\Playground\University\senior-project-1\dataset\internet\clear\โอ๊ต.wav,845.25,845.95,เหี้ย,0.9314382,none
C:\Users\muldi\Documents\Playground\University\senior-project-1\dataset\internet\clear\โอ๊ต.wav,854.35,855.75,เหี้ย,0.64950484,none
C:\Users\muldi\Documents\Playground\University\senior-project-1\dataset\internet\clear\โอ๊ต.wav,857.5,858.2,เหี้ย,0.5678984,none
C:\Users\muldi\Documents\Playground\University\senior-project-1\dataset\internet\clear\โอ๊ต.wav,875.35,876.4,เหี้ย,0.6988817,none
C:\Users\muldi\Documents\Playground\University\senior-project-1\dataset\internet\clear\โอ๊ต.wav,877.8,878.5,เหี้ย,0.5487245,none
C:\Users\muldi\Documents\Playground\University\senior-project-1\dataset\internet\clear\โอ๊ต.wav,881.3,882.0,เหี้ย,0.5472128,none
C:\Users\muldi\Documents\Playground\University\senior-project-1\dataset\internet\clear\โอ๊ต.wav,882.35,883.05,เหี้ย,0.5184378,none
C:\Users\muldi\Documents\Playground\University\senior-project-1\dataset\internet\clear\โอ๊ต.wav,886.55,887.25,เหี้ย,0.65393764,none
C:\Users\muldi\Documents\Playground\University\senior-project-1\dataset\internet\clear\โอ๊ต.wav,890.05,890.75,เหี้ย,0.8849971,none
C:\Users\muldi\Documents\Playground\University\senior-project-1\dataset\internet\clear\โอ๊ต.wav,897.75,898.8,เหี้ย,0.7264162,none
C:\Users\muldi\Documents\Playground\University\senior-project-1\dataset\internet\clear\โอ๊ต.wav,900.2,900.9,เหี้ย,0.65467656,none
C:\Users\muldi\Documents\Playground\University\senior-project-1\dataset\internet\clear\โอ๊ต.wav,907.2,908.6,เหี้ย,0.5422331,none
C:\Users\muldi\Documents\Playground\University\senior-project-1\dataset\internet\clear\โอ๊ต.wav,911.4,912.45,เหี้ย,0.5117407,none
C:\Users\muldi\Documents\Playground\University\senior-project-1\dataset\internet\clear\โอ๊ต.wav,915.25,915.95,เหี้ย,0.68010825,none
C:\Users\muldi\Documents\Playground\University\senior-project-1\dataset\internet\clear\โอ๊ต.wav,918.75,919.45,เหี้ย,0.7519107,none
C:\Users\muldi\Documents\Playground\University\senior-project-1\dataset\internet\clear\โอ๊ต.wav,919.8,920.85,เหี้ย,0.8611032,none
C:\Users\muldi\Documents\Playground\University\senior-project-1\dataset\internet\clear\โอ๊ต.wav,924.35,925.4,เหี้ย,0.8669127,none
C:\Users\muldi\Documents\Playground\University\senior-project-1\dataset\internet\clear\โอ๊ต.wav,929.6,930.65,เหี้ย,0.584237,none
C:\Users\muldi\Documents\Playground\University\senior-project-1\dataset\internet\clear\โอ๊ต.wav,941.85,943.95,เหี้ย,0.87541276,none
C:\Users\muldi\Documents\Playground\University\senior-project-1\dataset\internet\clear\โอ๊ต.wav,944.65,945.35,เหี้ย,0.6395634,none
C:\Users\muldi\Documents\Playground\University\senior-project-1\dataset\internet\clear\โอ๊ต.wav,945.7,946.75,เหี้ย,0.70245606,none
C:\Users\muldi\Documents\Playground\University\senior-project-1\dataset\internet\clear\โอ๊ต.wav,948.15,948.85,เหี้ย,0.76306736,none
C:\Users\muldi\Documents\Playground\University\senior-project-1\dataset\internet\clear\โอ๊ต.wav,953.05,953.75,เหี้ย,0.8365583,none
C:\Users\muldi\Documents\Playground\University\senior-project-1\dataset\internet\clear\โอ๊ต.wav,960.4,961.1,เหี้ย,0.5738136,none
C:\Users\muldi\Documents\Playground\University\senior-project-1\dataset\internet\clear\โอ๊ต.wav,974.4,975.1,เหี้ย,0.8230375,none
C:\Users\muldi\Documents\Playground\University\senior-project-1\dataset\internet\clear\โอ๊ต.wav,977.55,978.6,เหี้ย,0.53948957,none
C:\Users\muldi\Documents\Playground\University\senior-project-1\dataset\internet\clear\โอ๊ต.wav,980.35,981.05,เหี้ย,0.61208427,none
C:\Users\muldi\Documents\Playground\University\senior-project-1\dataset\internet\clear\โอ๊ต.wav,981.75,982.45,เหี้ย,0.48035958,none
C:\Users\muldi\Documents\Playground\University\senior-project-1\dataset\internet\clear\โอ๊ต.wav,984.9,985.6,เหี้ย,0.5609781,none
C:\Users\muldi\Documents\Playground\University\senior-project-1\dataset\internet\clear\โอ๊ต.wav,987.0,987.7,เหี้ย,0.9119753,none
C:\Users\muldi\Documents\Playground\University\senior-project-1\dataset\internet\clear\โอ๊ต.wav,990.85,991.9,เหี้ย,0.75483954,none
C:\Users\muldi\Documents\Playground\University\senior-project-1\dataset\internet\clear\โอ๊ต.wav,1013.6,1014.3,เหี้ย,0.7184315,none
C:\Users\muldi\Documents\Playground\University\senior-project-1\dataset\internet\clear\โอ๊ต.wav,1015.35,1016.05,เหี้ย,0.90741813,none
C:\Users\muldi\Documents\Playground\University\senior-project-1\dataset\internet\clear\โอ๊ต.wav,1017.8,1018.5,เหี้ย,0.6198381,none
C:\Users\muldi\Documents\Playground\University\senior-project-1\dataset\internet\clear\โอ๊ต.wav,1019.55,1020.25,เหี้ย,0.9012165,none
C:\Users\muldi\Documents\Playground\University\senior-project-1\dataset\internet\clear\โอ๊ต.wav,1035.65,1036.35,เหี้ย,0.92191166,none
C:\Users\muldi\Documents\Playground\University\senior-project-1\dataset\internet\clear\โอ๊ต.wav,1043.7,1044.4,เหี้ย,0.77689534,none
C:\Users\muldi\Documents\Playground\University\senior-project-1\dataset\internet\clear\โอ๊ต.wav,1045.8,1046.5,เหี้ย,0.6671796,none
C:\Users\muldi\Documents\Playground\University\senior-project-1\dataset\internet\clear\โอ๊ต.wav,1054.2,1054.9,เหี้ย,0.7859452,none
C:\Users\muldi\Documents\Playground\University\senior-project-1\dataset\internet\clear\โอ๊ต.wav,1057.7,1058.4,เหี้ย,0.76048726,none
C:\Users\muldi\Documents\Playground\University\senior-project-1\dataset\internet\clear\โอ๊ต.wav,1059.8,1060.5,เหี้ย,0.50098,none
C:\Users\muldi\Documents\Playground\University\senior-project-1\dataset\internet\clear\โอ๊ต.wav,1068.2,1069.95,เหี้ย,0.8638009,none
C:\Users\muldi\Documents\Playground\University\senior-project-1\dataset\internet\clear\โอ๊ต.wav,1070.3,1071.0,เหี้ย,0.7050718,none
C:\Users\muldi\Documents\Playground\University\senior-project-1\dataset\internet\clear\โอ๊ต.wav,1074.85,1075.55,เหี้ย,0.6055345,none
C:\Users\muldi\Documents\Playground\University\senior-project-1\dataset\internet\clear\โอ๊ต.wav,1076.6,1077.65,เหี้ย,0.9337448,เหี้ย
C:\Users\muldi\Documents\Playground\University\senior-project-1\dataset\internet\clear\โอ๊ต.wav,1079.05,1080.1,เหี้ย,0.6068459,none
C:\Users\muldi\Documents\Playground\University\senior-project-1\dataset\internet\clear\โอ๊ต.wav,1094.8,1095.85,เหี้ย,0.8105116,none
C:\Users\muldi\Documents\Playground\University\senior-project-1\dataset\internet\clear\โอ๊ต.wav,1096.9,1097.6,เหี้ย,0.9004895,none
C:\Users\muldi\Documents\Playground\University\senior-project-1\dataset\internet\clear\โอ๊ต.wav,1099.7,1100.4,เหี้ย,0.5655079,none
C:\Users\muldi\Documents\Playground\University\senior-project-1\dataset\internet\clear\โอ๊ต.wav,1101.1,1101.8,เหี้ย,0.72185063,none
C:\Users\muldi\Documents\Playground\University\senior-project-1\dataset\internet\clear\โอ๊ต.wav,1109.85,1110.55,เหี้ย,0.5860661,none
C:\Users\muldi\Documents\Playground\University\senior-project-1\dataset\internet\clear\โอ๊ต.wav,1115.45,1116.15,เหี้ย,0.5157489,none
C:\Users\muldi\Documents\Playground\University\senior-project-1\dataset\internet\clear\โอ๊ต.wav,1121.75,1122.45,เหี้ย,0.5813433,none
C:\Users\muldi\Documents\Playground\University\senior-project-1\dataset\internet\clear\โอ๊ต.wav,1126.3,1127.0,เหี้ย,0.70660836,none
C:\Users\muldi\Documents\Playground\University\senior-project-1\dataset\internet\clear\โอ๊ต.wav,1127.7,1129.45,เหี้ย,0.86368,none
C:\Users\muldi\Documents\Playground\University\senior-project-1\dataset\internet\clear\โอ๊ต.wav,1131.55,1132.25,เหี้ย,0.5581602,none
C:\Users\muldi\Documents\Playground\University\senior-project-1\dataset\internet\clear\โอ๊ต.wav,1150.45,1151.5,เหี้ย,0.7485336,none
C:\Users\muldi\Documents\Playground\University\senior-project-1\dataset\internet\clear\โอ๊ต.wav,1159.9,1161.3,เหี้ย,0.84893405,none
C:\Users\muldi\Documents\Playground\University\senior-project-1\dataset\internet\clear\โอ๊ต.wav,1176.35,1177.05,เหี้ย,0.6708395,none
C:\Users\muldi\Documents\Playground\University\senior-project-1\dataset\internet\clear\โอ๊ต.wav,1211.7,1212.4,เหี้ย,0.75247324,none
C:\Users\muldi\Documents\Playground\University\senior-project-1\dataset\internet\clear\โอ๊ต.wav,1213.1,1213.8,เหี้ย,0.65644556,none
C:\Users\muldi\Documents\Playground\University\senior-project-1\dataset\internet\clear\โอ๊ต.wav,1215.9,1216.95,เหี้ย,0.5872357,none
C:\Users\muldi\Documents\Playground\University\senior-project-1\dataset\internet\clear\โอ๊ต.wav,1219.75,1220.45,เหี้ย,0.84490204,none
C:\Users\muldi\Documents\Playground\University\senior-project-1\dataset\internet\clear\โอ๊ต.wav,1224.3,1225.7,เหี้ย,0.6596321,none
C:\Users\muldi\Documents\Playground\University\senior-project-1\dataset\internet\clear\โอ๊ต.wav,1231.3,1232.0,เหี้ย,0.51968825,none
C:\Users\muldi\Documents\Playground\University\senior-project-1\dataset\internet\clear\โอ๊ต.wav,1242.15,1242.85,เหี้ย,0.518141,none
C:\Users\muldi\Documents\Playground\University\senior-project-1\dataset\internet\clear\โอ๊ต.wav,1244.6,1245.3,เหี้ย,0.63658,none
C:\Users\muldi\Documents\Playground\University\senior-project-1\dataset\internet\clear\โอ๊ต.wav,1246.35,1248.45,เหี้ย,0.92892975,none
C:\Users\muldi\Documents\Playground\University\senior-project-1\dataset\internet\clear\โอ๊ต.wav,1249.5,1250.55,เหี้ย,0.7731333,none
C:\Users\muldi\Documents\Playground\University\senior-project-1\dataset\internet\clear\โอ๊ต.wav,1251.25,1251.95,เหี้ย,0.8368499,none
C:\Users\muldi\Documents\Playground\University\senior-project-1\dataset\internet\clear\โอ๊ต.wav,1254.75,1255.8,เหี้ย,0.61918664,none
C:\Users\muldi\Documents\Playground\University\senior-project-1\dataset\internet\clear\โอ๊ต.wav,1271.9,1272.6,เหี้ย,0.8432033,none
C:\Users\muldi\Documents\Playground\University\senior-project-1\dataset\internet\clear\โอ๊ต.wav,1273.65,1274.35,เหี้ย,0.6438007,none
C:\Users\muldi\Documents\Playground\University\senior-project-1\dataset\internet\clear\โอ๊ต.wav,1278.2,1278.9,เหี้ย,0.8221077,none
C:\Users\muldi\Documents\Playground\University\senior-project-1\dataset\internet\clear\โอ๊ต.wav,1286.6,1287.3,เหี้ย,0.5276271,none
C:\Users\muldi\Documents\Playground\University\senior-project-1\dataset\internet\clear\โอ๊ต.wav,1300.6,1301.65,เหี้ย,0.7013473,เหี้ย
C:\Users\muldi\Documents\Playground\University\senior-project-1\dataset\internet\clear\โอ๊ต.wav,1307.95,1308.65,เหี้ย,0.70497125,none
C:\Users\muldi\Documents\Playground\University\senior-project-1\dataset\internet\clear\โอ๊ต.wav,1309.0,1309.7,เหี้ย,0.51588774,none
C:\Users\muldi\Documents\Playground\University\senior-project-1\dataset\internet\clear\โอ๊ต.wav,1311.8,1313.2,เหี้ย,0.7054482,none
C:\Users\muldi\Documents\Playground\University\senior-project-1\dataset\internet\clear\โอ๊ต.wav,1314.6,1315.65,เหี้ย,0.741588,none
C:\Users\muldi\Documents\Playground\University\senior-project-1\dataset\internet\clear\โอ๊ต.wav,1321.25,1323.0,เหี้ย,0.93815523,none
C:\Users\muldi\Documents\Playground\University\senior-project-1\dataset\internet\clear\โอ๊ต.wav,1327.2,1328.25,เหี้ย,0.8849805,none
C:\Users\muldi\Documents\Playground\University\senior-project-1\dataset\internet\clear\โอ๊ต.wav,1328.6,1329.3,เหี้ย,0.602965,none
C:\Users\muldi\Documents\Playground\University\senior-project-1\dataset\internet\clear\โอ๊ต.wav,1333.15,1333.85,เหี้ย,0.90896046,none
C:\Users\muldi\Documents\Playground\University\senior-project-1\dataset\internet\clear\โอ๊ต.wav,1355.55,1356.25,เหี้ย,0.8494017,none
C:\Users\muldi\Documents\Playground\University\senior-project-1\dataset\internet\clear\ใต้น้ำยังจะตามมาอีก!!.wav,1.4,2.1,กู,0.70815456,none
C:\Users\muldi\Documents\Playground\University\senior-project-1\dataset\internet\clear\ใต้น้ำยังจะตามมาอีก!!.wav,6.3,7.7,กู,0.8596898,none
C:\Users\muldi\Documents\Playground\University\senior-project-1\dataset\internet\clear\ใต้น้ำยังจะตามมาอีก!!.wav,17.5,18.55,กู,0.65597266,none
C:\Users\muldi\Documents\Playground\University\senior-project-1\dataset\internet\clear\ใต้น้ำยังจะตามมาอีก!!.wav,18.9,19.6,กู,0.7322299,กู
C:\Users\muldi\Documents\Playground\University\senior-project-1\dataset\internet\clear\ใต้น้ำยังจะตามมาอีก!!.wav,26.95,27.65,กู,0.7260857,none
C:\Users\muldi\Documents\Playground\University\senior-project-1\dataset\internet\clear\ใต้น้ำยังจะตามมาอีก!!.wav,28.0,28.7,กู,0.6041234,none
C:\Users\muldi\Documents\Playground\University\senior-project-1\dataset\internet\clear\ใต้น้ำยังจะตามมาอีก!!.wav,29.05,29.75,กู,0.7244616,none
C:\Users\muldi\Documents\Playground\University\senior-project-1\dataset\internet\clear\ใต้น้ำยังจะตามมาอีก!!.wav,46.55,47.25,กู,0.49464375,none
C:\Users\muldi\Documents\Playground\University\senior-project-1\dataset\internet\clear\ใต้น้ำยังจะตามมาอีก!!.wav,48.3,49.0,กู,0.5837523,none
C:\Users\muldi\Documents\Playground\University\senior-project-1\dataset\internet\clear\ใต้น้ำยังจะตามมาอีก!!.wav,15.4,16.1,มึง,0.689842,none
C:\Users\muldi\Documents\Playground\University\senior-project-1\dataset\internet\clear\ใต้น้ำยังจะตามมาอีก!!.wav,18.2,18.9,มึง,0.8459773,none
C:\Users\muldi\Documents\Playground\University\senior-project-1\dataset\internet\clear\ใต้น้ำยังจะตามมาอีก!!.wav,23.1,23.8,มึง,0.6276774,none
C:\Users\muldi\Documents\Playground\University\senior-project-1\dataset\internet\clear\ใต้น้ำยังจะตามมาอีก!!.wav,24.85,25.55,มึง,0.7799183,none
C:\Users\muldi\Documents\Playground\University\senior-project-1\dataset\internet\clear\ใต้น้ำยังจะตามมาอีก!!.wav,28.7,29.4,มึง,0.7766691,none
C:\Users\muldi\Documents\Playground\University\senior-project-1\dataset\internet\clear\ใต้น้ำยังจะตามมาอีก!!.wav,30.1,31.15,มึง,0.7492915,none
C:\Users\muldi\Documents\Playground\University\senior-project-1\dataset\internet\clear\ใต้น้ำยังจะตามมาอีก!!.wav,32.9,33.95,มึง,0.8846432,none
C:\Users\muldi\Documents\Playground\University\senior-project-1\dataset\internet\clear\ใต้น้ำยังจะตามมาอีก!!.wav,38.15,38.85,มึง,0.5630818,none
C:\Users\muldi\Documents\Playground\University\senior-project-1\dataset\internet\clear\ใต้น้ำยังจะตามมาอีก!!.wav,44.1,44.8,มึง,0.680146,none
C:\Users\muldi\Documents\Playground\University\senior-project-1\dataset\internet\clear\ใต้น้ำยังจะตามมาอีก!!.wav,1.75,2.45,เย็ด,0.6858084,none
C:\Users\muldi\Documents\Playground\University\senior-project-1\dataset\internet\clear\ใต้น้ำยังจะตามมาอีก!!.wav,22.75,23.45,เย็ด,0.42984626,none
C:\Users\muldi\Documents\Playground\University\senior-project-1\dataset\internet\clear\ใต้น้ำยังจะตามมาอีก!!.wav,31.5,32.2,เย็ด,0.548931,none
C:\Users\muldi\Documents\Playground\University\senior-project-1\dataset\internet\clear\ใต้น้ำยังจะตามมาอีก!!.wav,49.35,50.05,เย็ด,0.95042545,none
C:\Users\muldi\Documents\Playground\University\senior-project-1\dataset\internet\clear\ใต้น้ำยังจะตามมาอีก!!.wav,0.0,1.75,เหี้ย,0.93236226,none
C:\Users\muldi\Documents\Playground\University\senior-project-1\dataset\internet\clear\ใต้น้ำยังจะตามมาอีก!!.wav,5.6,6.3,เหี้ย,0.5053206,เหี้ย
C:\Users\muldi\Documents\Playground\University\senior-project-1\dataset\internet\clear\ใต้น้ำยังจะตามมาอีก!!.wav,10.85,11.9,เหี้ย,0.84642136,เหี้ย
C:\Users\muldi\Documents\Playground\University\senior-project-1\dataset\internet\clear\ใต้น้ำยังจะตามมาอีก!!.wav,15.75,17.5,เหี้ย,0.90295297,none
C:\Users\muldi\Documents\Playground\University\senior-project-1\dataset\internet\clear\ใต้น้ำยังจะตามมาอีก!!.wav,21.0,22.05,เหี้ย,0.8863841,เหี้ย
C:\Users\muldi\Documents\Playground\University\senior-project-1\dataset\internet\clear\ใต้น้ำยังจะตามมาอีก!!.wav,33.95,35.0,เหี้ย,0.8055256,none
C:\Users\muldi\Documents\Playground\University\senior-project-1\dataset\internet\clear\ใต้น้ำยังจะตามมาอีก!!.wav,37.45,38.15,เหี้ย,0.5427158,none
C:\Users\muldi\Documents\Playground\University\senior-project-1\dataset\internet\clear\ใต้น้ำยังจะตามมาอีก!!.wav,38.85,39.55,เหี้ย,0.86746657,none
C:\Users\muldi\Documents\Playground\University\senior-project-1\dataset\internet\clear\ใต้น้ำยังจะตามมาอีก!!.wav,45.85,46.9,เหี้ย,0.80565196,none
C:\Users\muldi\Documents\Playground\University\senior-project-1\dataset\internet\clear\ใต้น้ำยังจะตามมาอีก!!.wav,48.65,49.7,เหี้ย,0.8548535,เหี้ย
C:\Users\muldi\Documents\Playground\University\senior-project-1\dataset\internet\effect\เมื่อไตระบายความในใจ.wav,1.4,2.45,กู,0.5562243,none
C:\Users\muldi\Documents\Playground\University\senior-project-1\dataset\internet\effect\เมื่อไตระบายความในใจ.wav,7.35,8.05,กู,0.76709616,none
C:\Users\muldi\Documents\Playground\University\senior-project-1\dataset\internet\effect\เมื่อไตระบายความในใจ.wav,10.5,11.2,กู,0.6229169,none
C:\Users\muldi\Documents\Playground\University\senior-project-1\dataset\internet\effect\เมื่อไตระบายความในใจ.wav,13.3,14.35,กู,0.79339063,none
C:\Users\muldi\Documents\Playground\University\senior-project-1\dataset\internet\effect\เมื่อไตระบายความในใจ.wav,15.75,17.5,กู,0.7517101,none
C:\Users\muldi\Documents\Playground\University\senior-project-1\dataset\internet\effect\เมื่อไตระบายความในใจ.wav,21.35,22.05,กู,0.73536956,none
C:\Users\muldi\Documents\Playground\University\senior-project-1\dataset\internet\effect\เมื่อไตระบายความในใจ.wav,25.55,26.25,กู,0.8143507,none
C:\Users\muldi\Documents\Playground\University\senior-project-1\dataset\internet\effect\เมื่อไตระบายความในใจ.wav,31.15,31.85,กู,0.49455276,none
C:\Users\muldi\Documents\Playground\University\senior-project-1\dataset\internet\effect\เมื่อไตระบายความในใจ.wav,37.1,37.8,กู,0.7732236,none
C:\Users\muldi\Documents\Playground\University\senior-project-1\dataset\internet\effect\เมื่อไตระบายความในใจ.wav,38.5,39.2,กู,0.80925906,none
C:\Users\muldi\Documents\Playground\University\senior-project-1\dataset\internet\effect\เมื่อไตระบายความในใจ.wav,48.65,49.35,กู,0.7232852,none
C:\Users\muldi\Documents\Playground\University\senior-project-1\dataset\internet\effect\เมื่อไตระบายความในใจ.wav,49.7,50.4,กู,0.5060429,none
C:\Users\muldi\Documents\Playground\University\senior-project-1\dataset\internet\effect\เมื่อไตระบายความในใจ.wav,57.4,58.1,กู,0.56384444,none
C:\Users\muldi\Documents\Playground\University\senior-project-1\dataset\internet\effect\เมื่อไตระบายความในใจ.wav,66.5,67.2,กู,0.7404312,none
C:\Users\muldi\Documents\Playground\University\senior-project-1\dataset\internet\effect\เมื่อไตระบายความในใจ.wav,75.6,76.3,กู,0.6014139,none
C:\Users\muldi\Documents\Playground\University\senior-project-1\dataset\internet\effect\เมื่อไตระบายความในใจ.wav,77.7,79.45,กู,0.8278974,none
C:\Users\muldi\Documents\Playground\University\senior-project-1\dataset\internet\effect\เมื่อไตระบายความในใจ.wav,84.35,85.05,กู,0.6393619,none
C:\Users\muldi\Documents\Playground\University\senior-project-1\dataset\internet\effect\เมื่อไตระบายความในใจ.wav,89.6,90.65,กู,0.8234099,none
C:\Users\muldi\Documents\Playground\University\senior-project-1\dataset\internet\effect\เมื่อไตระบายความในใจ.wav,91.7,92.75,กู,0.71202576,none
C:\Users\muldi\Documents\Playground\University\senior-project-1\dataset\internet\effect\เมื่อไตระบายความในใจ.wav,95.2,95.9,กู,0.567538,none
C:\Users\muldi\Documents\Playground\University\senior-project-1\dataset\internet\effect\เมื่อไตระบายความในใจ.wav,106.05,106.75,กู,0.86473167,none
C:\Users\muldi\Documents\Playground\University\senior-project-1\dataset\internet\effect\เมื่อไตระบายความในใจ.wav,5.95,6.65,มึง,0.7996415,none
C:\Users\muldi\Documents\Playground\University\senior-project-1\dataset\internet\effect\เมื่อไตระบายความในใจ.wav,15.05,15.75,มึง,0.848154,none
C:\Users\muldi\Documents\Playground\University\senior-project-1\dataset\internet\effect\เมื่อไตระบายความในใจ.wav,27.65,29.4,มึง,0.8707053,none
C:\Users\muldi\Documents\Playground\University\senior-project-1\dataset\internet\effect\เมื่อไตระบายความในใจ.wav,36.75,37.45,มึง,0.7562106,none
C:\Users\muldi\Documents\Playground\University\senior-project-1\dataset\internet\effect\เมื่อไตระบายความในใจ.wav,51.45,52.15,มึง,0.55403006,none
C:\Users\muldi\Documents\Playground\University\senior-project-1\dataset\internet\effect\เมื่อไตระบายความในใจ.wav,59.15,59.85,มึง,0.64488375,none
C:\Users\muldi\Documents\Playground\University\senior-project-1\dataset\internet\effect\เมื่อไตระบายความในใจ.wav,62.3,63.0,มึง,0.6879399,none
C:\Users\muldi\Documents\Playground\University\senior-project-1\dataset\internet\effect\เมื่อไตระบายความในใจ.wav,73.5,74.2,มึง,0.5009194,none
C:\Users\muldi\Documents\Playground\University\senior-project-1\dataset\internet\effect\เมื่อไตระบายความในใจ.wav,81.9,82.95,มึง,0.75467855,none
C:\Users\muldi\Documents\Playground\University\senior-project-1\dataset\internet\effect\เมื่อไตระบายความในใจ.wav,83.65,84.35,มึง,0.5663623,none
C:\Users\muldi\Documents\Playground\University\senior-project-1\dataset\internet\effect\เมื่อไตระบายความในใจ.wav,94.15,95.2,มึง,0.7554723,none
C:\Users\muldi\Documents\Playground\University\senior-project-1\dataset\internet\effect\เมื่อไตระบายความในใจ.wav,106.4,107.8,มึง,0.8761793,none
C:\Users\muldi\Documents\Playground\University\senior-project-1\dataset\internet\effect\เมื่อไตระบายความในใจ.wav,108.15,108.85,มึง,0.60441893,none
C:\Users\muldi\Documents\Playground\University\senior-project-1\dataset\internet\effect\เมื่อไตระบายความในใจ.wav,110.95,111.65,มึง,0.6420165,none
C:\Users\muldi\Documents\Playground\University\senior-project-1\dataset\internet\effect\เมื่อไตระบายความในใจ.wav,5.6,6.3,เย็ด,0.6714251,none
C:\Users\muldi\Documents\Playground\University\senior-project-1\dataset\internet\effect\เมื่อไตระบายความในใจ.wav,17.85,18.9,เย็ด,0.9123316,none
C:\Users\muldi\Documents\Playground\University\senior-project-1\dataset\internet\effect\เมื่อไตระบายความในใจ.wav,35.0,35.7,เย็ด,0.37563786,none
C:\Users\muldi\Documents\Playground\University\senior-project-1\dataset\internet\effect\เมื่อไตระบายความในใจ.wav,62.65,63.35,เย็ด,0.8858024,none
C:\Users\muldi\Documents\Playground\University\senior-project-1\dataset\internet\effect\เมื่อไตระบายความในใจ.wav,98.7,99.4,เย็ด,0.5614296,none
C:\Users\muldi\Documents\Playground\University\senior-project-1\dataset\internet\effect\เมื่อไตระบายความในใจ.wav,0.0,1.75,เหี้ย,0.93236226,none
C:\Users\muldi\Documents\Playground\University\senior-project-1\dataset\internet\effect\เมื่อไตระบายความในใจ.wav,8.4,9.1,เหี้ย,0.73142457,none
C:\Users\muldi\Documents\Playground\University\senior-project-1\dataset\internet\effect\เมื่อไตระบายความในใจ.wav,20.3,21.0,เหี้ย,0.7148479,none
C:\Users\muldi\Documents\Playground\University\senior-project-1\dataset\internet\effect\เมื่อไตระบายความในใจ.wav,32.2,32.9,เหี้ย,0.51772416,none
C:\Users\muldi\Documents\Playground\University\senior-project-1\dataset\internet\effect\เมื่อไตระบายความในใจ.wav,33.6,34.3,เหี้ย,0.5275916,none
C:\Users\muldi\Documents\Playground\University\senior-project-1\dataset\internet\effect\เมื่อไตระบายความในใจ.wav,34.65,35.35,เหี้ย,0.71485794,none
C:\Users\muldi\Documents\Playground\University\senior-project-1\dataset\internet\effect\เมื่อไตระบายความในใจ.wav,70.0,72.1,เหี้ย,0.93702,none
C:\Users\muldi\Documents\Playground\University\senior-project-1\dataset\internet\effect\เมื่อไตระบายความในใจ.wav,79.1,79.8,เหี้ย,0.92997885,none
C:\Users\muldi\Documents\Playground\University\senior-project-1\dataset\internet\effect\เมื่อไตระบายความในใจ.wav,80.15,81.9,เหี้ย,0.8539907,none
C:\Users\muldi\Documents\Playground\University\senior-project-1\dataset\internet\effect\เมื่อไตระบายความในใจ.wav,82.95,84.0,เหี้ย,0.7787391,none
C:\Users\muldi\Documents\Playground\University\senior-project-1\dataset\internet\effect\เมื่อไตระบายความในใจ.wav,86.8,87.85,เหี้ย,0.831622,none
C:\Users\muldi\Documents\Playground\University\senior-project-1\dataset\internet\effect\เมื่อไตระบายความในใจ.wav,89.25,89.95,เหี้ย,0.53081113,none
C:\Users\muldi\Documents\Playground\University\senior-project-1\dataset\internet\effect\เมื่อไตระบายความในใจ.wav,93.1,94.15,เหี้ย,0.8732007,none
C:\Users\muldi\Documents\Playground\University\senior-project-1\dataset\internet\music\คนหายไปไหนหมดเนี่ยช่วงนี้.wav,4.55,5.25,กู,0.49952188,none
C:\Users\muldi\Documents\Playground\University\senior-project-1\dataset\internet\music\คนหายไปไหนหมดเนี่ยช่วงนี้.wav,13.65,14.35,กู,0.83873045,none
C:\Users\muldi\Documents\Playground\University\senior-project-1\dataset\internet\music\คนหายไปไหนหมดเนี่ยช่วงนี้.wav,39.9,40.6,กู,0.6391764,none
C:\Users\muldi\Documents\Playground\University\senior-project-1\dataset\internet\music\คนหายไปไหนหมดเนี่ยช่วงนี้.wav,47.6,48.3,กู,0.6093665,none
C:\Users\muldi\Documents\Playground\University\senior-project-1\dataset\internet\music\คนหายไปไหนหมดเนี่ยช่วงนี้.wav,55.65,56.35,กู,0.6796629,none
C:\Users\muldi\Documents\Playground\University\senior-project-1\dataset\internet\music\คนหายไปไหนหมดเนี่ยช่วงนี้.wav,59.15,59.85,กู,0.7253893,none
C:\Users\muldi\Documents\Playground\University\senior-project-1\dataset\internet\music\คนหายไปไหนหมดเนี่ยช่วงนี้.wav,63.7,64.75,กู,0.63546604,none
C:\Users\muldi\Documents\Playground\University\senior-project-1\dataset\internet\music\คนหายไปไหนหมดเนี่ยช่วงนี้.wav,65.8,66.5,กู,0.66428524,none
C:\Users\muldi\Documents\Playground\University\senior-project-1\dataset\internet\music\คนหายไปไหนหมดเนี่ยช่วงนี้.wav,67.55,68.25,กู,0.49507558,none
C:\Users\muldi\Documents\Playground\University\senior-project-1\dataset\internet\music\คนหายไปไหนหมดเนี่ยช่วงนี้.wav,68.95,69.65,กู,0.74533886,none
C:\Users\muldi\Documents\Playground\University\senior-project-1\dataset\internet\music\คนหายไปไหนหมดเนี่ยช่วงนี้.wav,70.0,71.05,กู,0.8078311,กู
C:\Users\muldi\Documents\Playground\University\senior-project-1\dataset\internet\music\คนหายไปไหนหมดเนี่ยช่วงนี้.wav,72.8,73.5,กู,0.40624252,none
C:\Users\muldi\Documents\Playground\University\senior-project-1\dataset\internet\music\คนหายไปไหนหมดเนี่ยช่วงนี้.wav,6.3,7.0,มึง,0.5085177,none
C:\Users\muldi\Documents\Playground\University\senior-project-1\dataset\internet\music\คนหายไปไหนหมดเนี่ยช่วงนี้.wav,7.7,8.4,มึง,0.48391476,none
C:\Users\muldi\Documents\Playground\University\senior-project-1\dataset\internet\music\คนหายไปไหนหมดเนี่ยช่วงนี้.wav,14.35,15.05,มึง,0.72091067,none
C:\Users\muldi\Documents\Playground\University\senior-project-1\dataset\internet\music\คนหายไปไหนหมดเนี่ยช่วงนี้.wav,23.8,24.5,มึง,0.57179075,none
C:\Users\muldi\Documents\Playground\University\senior-project-1\dataset\internet\music\คนหายไปไหนหมดเนี่ยช่วงนี้.wav,27.3,28.0,มึง,0.6748627,none
C:\Users\muldi\Documents\Playground\University\senior-project-1\dataset\internet\music\คนหายไปไหนหมดเนี่ยช่วงนี้.wav,28.7,29.4,มึง,0.83631355,none
C:\Users\muldi\Documents\Playground\University\senior-project-1\dataset\internet\music\คนหายไปไหนหมดเนี่ยช่วงนี้.wav,32.55,33.25,มึง,0.8253466,none
C:\Users\muldi\Documents\Playground\University\senior-project-1\dataset\internet\music\คนหายไปไหนหมดเนี่ยช่วงนี้.wav,33.6,34.3,มึง,0.5335236,none
C:\Users\muldi\Documents\Playground\University\senior-project-1\dataset\internet\music\คนหายไปไหนหมดเนี่ยช่วงนี้.wav,37.45,38.5,มึง,0.874296,none
C:\Users\muldi\Documents\Playground\University\senior-project-1\dataset\internet\music\คนหายไปไหนหมดเนี่ยช่วงนี้.wav,38.85,39.55,มึง,0.79414827,none
C:\Users\muldi\Documents\Playground\University\senior-project-1\dataset\internet\music\คนหายไปไหนหมดเนี่ยช่วงนี้.wav,40.25,41.3,มึง,0.5765628,none
C:\Users\muldi\Documents\Playground\University\senior-project-1\dataset\internet\music\คนหายไปไหนหมดเนี่ยช่วงนี้.wav,47.25,47.95,มึง,0.5458494,none
C:\Users\muldi\Documents\Playground\University\senior-project-1\dataset\internet\music\คนหายไปไหนหมดเนี่ยช่วงนี้.wav,48.3,49.35,มึง,0.82211643,none
C:\Users\muldi\Documents\Playground\University\senior-project-1\dataset\internet\music\คนหายไปไหนหมดเนี่ยช่วงนี้.wav,49.7,50.75,มึง,0.84770304,none
C:\Users\muldi\Documents\Playground\University\senior-project-1\dataset\internet\music\คนหายไปไหนหมดเนี่ยช่วงนี้.wav,55.3,56.0,มึง,0.8124684,none
C:\Users\muldi\Documents\Playground\University\senior-project-1\dataset\internet\music\คนหายไปไหนหมดเนี่ยช่วงนี้.wav,59.85,61.25,มึง,0.8327276,none
C:\Users\muldi\Documents\Playground\University\senior-project-1\dataset\internet\music\คนหายไปไหนหมดเนี่ยช่วงนี้.wav,62.65,63.35,มึง,0.5616653,none
C:\Users\muldi\Documents\Playground\University\senior-project-1\dataset\internet\music\คนหายไปไหนหมดเนี่ยช่วงนี้.wav,65.1,66.15,มึง,0.6442541,none
C:\Users\muldi\Documents\Playground\University\senior-project-1\dataset\internet\music\คนหายไปไหนหมดเนี่ยช่วงนี้.wav,67.2,67.9,มึง,0.73628825,none
C:\Users\muldi\Documents\Playground\University\senior-project-1\dataset\internet\music\คนหายไปไหนหมดเนี่ยช่วงนี้.wav,68.6,69.3,มึง,0.8956129,none
C:\Users\muldi\Documents\Playground\University\senior-project-1\dataset\internet\music\คนหายไปไหนหมดเนี่ยช่วงนี้.wav,34.65,35.35,เย็ด,0.54363394,none
C:\Users\muldi\Documents\Playground\University\senior-project-1\dataset\internet\music\คนหายไปไหนหมดเนี่ยช่วงนี้.wav,35.7,36.4,เย็ด,0.7269834,none
C:\Users\muldi\Documents\Playground\University\senior-project-1\dataset\internet\music\คนหายไปไหนหมดเนี่ยช่วงนี้.wav,72.1,72.8,เย็ด,0.90479815,none
C:\Users\muldi\Documents\Playground\University\senior-project-1\dataset\internet\music\คนหายไปไหนหมดเนี่ยช่วงนี้.wav,0.0,2.8,เหี้ย,0.95386475,none
C:\Users\muldi\Documents\Playground\University\senior-project-1\dataset\internet\music\คนหายไปไหนหมดเนี่ยช่วงนี้.wav,11.55,13.3,เหี้ย,0.84733963,none
C:\Users\muldi\Documents\Playground\University\senior-project-1\dataset\internet\music\คนหายไปไหนหมดเนี่ยช่วงนี้.wav,14.7,17.15,เหี้ย,0.9539727,none
C:\Users\muldi\Documents\Playground\University\senior-project-1\dataset\internet\music\คนหายไปไหนหมดเนี่ยช่วงนี้.wav,18.9,19.95,เหี้ย,0.6182892,none
C:\Users\muldi\Documents\Playground\University\senior-project-1\dataset\internet\music\คนหายไปไหนหมดเนี่ยช่วงนี้.wav,21.0,23.1,เหี้ย,0.81884134,none
C:\Users\muldi\Documents\Playground\University\senior-project-1\dataset\internet\music\คนหายไปไหนหมดเนี่ยช่วงนี้.wav,26.6,32.55,เหี้ย,0.9356281,none
C:\Users\muldi\Documents\Playground\University\senior-project-1\dataset\internet\music\คนหายไปไหนหมดเนี่ยช่วงนี้.wav,35.35,36.05,เหี้ย,0.93572426,none
C:\Users\muldi\Documents\Playground\University\senior-project-1\dataset\internet\music\คนหายไปไหนหมดเนี่ยช่วงนี้.wav,36.75,37.8,เหี้ย,0.8407864,none
C:\Users\muldi\Documents\Playground\University\senior-project-1\dataset\internet\music\คนหายไปไหนหมดเนี่ยช่วงนี้.wav,38.15,39.2,เหี้ย,0.9258679,none
C:\Users\muldi\Documents\Playground\University\senior-project-1\dataset\internet\music\คนหายไปไหนหมดเนี่ยช่วงนี้.wav,39.55,40.25,เหี้ย,0.9526321,none
C:\Users\muldi\Documents\Playground\University\senior-project-1\dataset\internet\music\คนหายไปไหนหมดเนี่ยช่วงนี้.wav,43.05,43.75,เหี้ย,0.78051984,none
C:\Users\muldi\Documents\Playground\University\senior-project-1\dataset\internet\music\คนหายไปไหนหมดเนี่ยช่วงนี้.wav,44.1,44.8,เหี้ย,0.49424937,none
C:\Users\muldi\Documents\Playground\University\senior-project-1\dataset\internet\music\คนหายไปไหนหมดเนี่ยช่วงนี้.wav,53.55,54.25,เหี้ย,0.6650081,none
C:\Users\muldi\Documents\Playground\University\senior-project-1\dataset\internet\music\คนหายไปไหนหมดเนี่ยช่วงนี้.wav,57.05,58.1,เหี้ย,0.95910656,none
C:\Users\muldi\Documents\Playground\University\senior-project-1\dataset\internet\music\คนหายไปไหนหมดเนี่ยช่วงนี้.wav,60.9,61.95,เหี้ย,0.9611015,none
C:\Users\muldi\Documents\Playground\University\senior-project-1\dataset\internet\music\คนหายไปไหนหมดเนี่ยช่วงนี้.wav,69.3,70.0,เหี้ย,0.9402624,none
C:\Users\muldi\Documents\Playground\University\senior-project-1\dataset\internet\music\คนหายไปไหนหมดเนี่ยช่วงนี้.wav,71.75,72.45,เหี้ย,0.94548965,none
C:\Users\muldi\Documents\Playground\University\senior-project-1\dataset\internet\music\คนหายไปไหนหมดเนี่ยช่วงนี้.wav,73.15,74.9,เหี้ย,0.93236226,none
C:\Users\muldi\Documents\Playground\University\senior-project-1\dataset\internet\music\จารย์แดง2.wav,0.0,0.7,กู,0.73309165,none
C:\Users\muldi\Documents\Playground\University\senior-project-1\dataset\internet\music\จารย์แดง2.wav,6.3,7.35,กู,0.8341246,none
C:\Users\muldi\Documents\Playground\University\senior-project-1\dataset\internet\music\จารย์แดง2.wav,1.05,2.1,มึง,0.5668011,none
C:\Users\muldi\Documents\Playground\University\senior-project-1\dataset\internet\music\จารย์แดง2.wav,8.4,9.45,เย็ด,0.94632244,none
C:\Users\muldi\Documents\Playground\University\senior-project-1\dataset\internet\music\จารย์แดง2.wav,2.1,3.5,เหี้ย,0.67123777,none
C:\Users\muldi\Documents\Playground\University\senior-project-1\dataset\internet\music\จารย์แดง2.wav,3.85,4.9,เหี้ย,0.69952697,none
C:\Users\muldi\Documents\Playground\University\senior-project-1\dataset\internet\music\จารย์แดง2.wav,5.25,5.95,เหี้ย,0.8700899,none
C:\Users\muldi\Documents\Playground\University\senior-project-1\dataset\internet\music\จารย์แดง2.wav,7.35,8.75,เหี้ย,0.82274616,none
C:\Users\muldi\Documents\Playground\University\senior-project-1\dataset\internet\music\แคทเธอร์รีนยิงมันสิ!.wav,7.35,8.75,กู,0.80490214,none
C:\Users\muldi\Documents\Playground\University\senior-project-1\dataset\internet\music\แคทเธอร์รีนยิงมันสิ!.wav,11.55,13.65,กู,0.84269893,none
C:\Users\muldi\Documents\Playground\University\senior-project-1\dataset\internet\music\แคทเธอร์รีนยิงมันสิ!.wav,18.2,18.9,กู,0.6407615,none
C:\Users\muldi\Documents\Playground\University\senior-project-1\dataset\internet\music\แคทเธอร์รีนยิงมันสิ!.wav,19.25,19.95,กู,0.64002925,none
C:\Users\muldi\Documents\Playground\University\senior-project-1\dataset\internet\music\แคทเธอร์รีนยิงมันสิ!.wav,20.3,21.0,กู,0.73616546,none
C:\Users\muldi\Documents\Playground\University\senior-project-1\dataset\internet\music\แคทเธอร์รีนยิงมันสิ!.wav,21.35,22.75,กู,0.87187153,none
C:\Users\muldi\Documents\Playground\University\senior-project-1\dataset\internet\music\แคทเธอร์รีนยิงมันสิ!.wav,4.55,5.25,มึง,0.8839301,none
C:\Users\muldi\Documents\Playground\University\senior-project-1\dataset\internet\music\แคทเธอร์รีนยิงมันสิ!.wav,10.5,11.2,มึง,0.7292239,none
C:\Users\muldi\Documents\Playground\University\senior-project-1\dataset\internet\music\แคทเธอร์รีนยิงมันสิ!.wav,17.5,18.55,มึง,0.8384375,none
C:\Users\muldi\Documents\Playground\University\senior-project-1\dataset\internet\music\แคทเธอร์รีนยิงมันสิ!.wav,1.05,2.45,เย็ด,0.7828683,none
C:\Users\muldi\Documents\Playground\University\senior-project-1\dataset\internet\music\แคทเธอร์รีนยิงมันสิ!.wav,5.6,6.3,เย็ด,0.7194135,none
C:\Users\muldi\Documents\Playground\University\senior-project-1\dataset\internet\music\แคทเธอร์รีนยิงมันสิ!.wav,9.1,9.8,เย็ด,0.8335195,none
C:\Users\muldi\Documents\Playground\University\senior-project-1\dataset\internet\music\แคทเธอร์รีนยิงมันสิ!.wav,10.85,11.55,เย็ด,0.9310255,none
C:\Users\muldi\Documents\Playground\University\senior-project-1\dataset\internet\music\แคทเธอร์รีนยิงมันสิ!.wav,11.9,12.6,เย็ด,0.7956781,none
C:\Users\muldi\Documents\Playground\University\senior-project-1\dataset\internet\music\แคทเธอร์รีนยิงมันสิ!.wav,14.0,15.75,เย็ด,0.81139976,none
C:\Users\muldi\Documents\Playground\University\senior-project-1\dataset\internet\music\แคทเธอร์รีนยิงมันสิ!.wav,22.4,23.1,เย็ด,0.8261152,none
C:\Users\muldi\Documents\Playground\University\senior-project-1\dataset\internet\music\แคทเธอร์รีนยิงมันสิ!.wav,0.0,1.4,เหี้ย,0.93236226,none
C:\Users\muldi\Documents\Playground\University\senior-project-1\dataset\internet\music\แคทเธอร์รีนยิงมันสิ!.wav,4.9,5.95,เหี้ย,0.9535876,none
C:\Users\muldi\Documents\Playground\University\senior-project-1\dataset\internet\music\แคทเธอร์รีนยิงมันสิ!.wav,9.45,10.85,เหี้ย,0.90516925,none
C:\Users\muldi\Documents\Playground\University\senior-project-1\dataset\internet\noise\จัดอันดับ ทหารสุดฮา.wav,2.45,3.15,กู,0.5534532,none
C:\Users\muldi\Documents\Playground\University\senior-project-1\dataset\internet\noise\จัดอันดับ ทหารสุดฮา.wav,5.25,5.95,กู,0.6062867,เย็ด
C:\Users\muldi\Documents\Playground\University\senior-project-1\dataset\internet\noise\จัดอันดับ ทหารสุดฮา.wav,11.55,12.25,กู,0.55919176,none
C:\Users\muldi\Documents\Playground\University\senior-project-1\dataset\internet\noise\จัดอันดับ ทหารสุดฮา.wav,14.35,15.4,กู,0.7260327,none
C:\Users\muldi\Documents\Playground\University\senior-project-1\dataset\internet\noise\จัดอันดับ ทหารสุดฮา.wav,19.6,21.0,กู,0.74091613,none
C:\Users\muldi\Documents\Playground\University\senior-project-1\dataset\internet\noise\จัดอันดับ ทหารสุดฮา.wav,21.35,22.05,กู,0.49696398,none
C:\Users\muldi\Documents\Playground\University\senior-project-1\dataset\internet\noise\จัดอันดับ ทหารสุดฮา.wav,22.4,23.1,กู,0.8074956,none
C:\Users\muldi\Documents\Playground\University\senior-project-1\dataset\internet\noise\จัดอันดับ ทหารสุดฮา.wav,25.55,27.65,กู,0.7812406,none
C:\Users\muldi\Documents\Playground\University\senior-project-1\dataset\internet\noise\จัดอันดับ ทหารสุดฮา.wav,29.4,30.45,กู,0.58010876,none
C:\Users\muldi\Documents\Playground\University\senior-project-1\dataset\internet\noise\จัดอันดับ ทหารสุดฮา.wav,32.2,32.9,กู,0.61968017,none
C:\Users\muldi\Documents\Playground\University\senior-project-1\dataset\internet\noise\จัดอันดับ ทหารสุดฮา.wav,3.85,4.55,มึง,0.82511204,none
C:\Users\muldi\Documents\Playground\University\senior-project-1\dataset\internet\noise\จัดอันดับ ทหารสุดฮา.wav,8.05,8.75,มึง,0.5518078,none
C:\Users\muldi\Documents\Playground\University\senior-project-1\dataset\internet\noise\จัดอันดับ ทหารสุดฮา.wav,9.8,10.5,มึง,0.8076439,none
C:\Users\muldi\Documents\Playground\University\senior-project-1\dataset\internet\noise\จัดอันดับ ทหารสุดฮา.wav,14.0,14.7,มึง,0.6104466,none
C:\Users\muldi\Documents\Playground\University\senior-project-1\dataset\internet\noise\จัดอันดับ ทหารสุดฮา.wav,20.65,21.35,มึง,0.9223066,none
C:\Users\muldi\Documents\Playground\University\senior-project-1\dataset\internet\noise\จัดอันดับ ทหารสุดฮา.wav,28.0,29.05,มึง,0.926773,none
C:\Users\muldi\Documents\Playground\University\senior-project-1\dataset\internet\noise\จัดอันดับ ทหารสุดฮา.wav,31.15,31.85,มึง,0.5932539,none
C:\Users\muldi\Documents\Playground\University\senior-project-1\dataset\internet\noise\จัดอันดับ ทหารสุดฮา.wav,35.35,36.05,มึง,0.7837631,none
C:\Users\muldi\Documents\Playground\University\senior-project-1\dataset\internet\noise\จัดอันดับ ทหารสุดฮา.wav,1.4,2.8,เย็ด,0.9660659,none
C:\Users\muldi\Documents\Playground\University\senior-project-1\dataset\internet\noise\จัดอันดับ ทหารสุดฮา.wav,11.2,11.9,เย็ด,0.95999104,none
C:\Users\muldi\Documents\Playground\University\senior-project-1\dataset\internet\noise\จัดอันดับ ทหารสุดฮา.wav,15.05,17.5,เย็ด,0.8781777,none
C:\Users\muldi\Documents\Playground\University\senior-project-1\dataset\internet\noise\จัดอันดับ ทหารสุดฮา.wav,18.55,19.25,เย็ด,0.83362794,none
C:\Users\muldi\Documents\Playground\University\senior-project-1\dataset\internet\noise\จัดอันดับ ทหารสุดฮา.wav,26.6,27.3,เย็ด,0.5725828,none
C:\Users\muldi\Documents\Playground\University\senior-project-1\dataset\internet\noise\จัดอันดับ ทหารสุดฮา.wav,28.7,29.4,เย็ด,0.95313925,none
C:\Users\muldi\Documents\Playground\University\senior-project-1\dataset\internet\noise\จัดอันดับ ทหารสุดฮา.wav,36.05,37.45,เย็ด,0.8146557,none
C:\Users\muldi\Documents\Playground\University\senior-project-1\dataset\internet\noise\จัดอันดับ ทหารสุดฮา.wav,0.0,1.75,เหี้ย,0.93236226,none
C:\Users\muldi\Documents\Playground\University\senior-project-1\dataset\internet\noise\จัดอันดับ ทหารสุดฮา.wav,3.15,4.2,เหี้ย,0.71402204,none
C:\Users\muldi\Documents\Playground\University\senior-project-1\dataset\internet\noise\จัดอันดับ ทหารสุดฮา.wav,5.95,6.65,เหี้ย,0.5413425,none
C:\Users\muldi\Documents\Playground\University\senior-project-1\dataset\internet\noise\จัดอันดับ ทหารสุดฮา.wav,13.65,14.35,เหี้ย,0.58994764,none
C:\Users\muldi\Documents\Playground\University\senior-project-1\dataset\internet\noise\จัดอันดับ ทหารสุดฮา.wav,18.9,19.6,เหี้ย,0.5410716,none
C:\Users\muldi\Documents\Playground\University\senior-project-1\dataset\internet\noise\จัดอันดับ ทหารสุดฮา.wav,21.0,22.4,เหี้ย,0.92666245,none
C:\Users\muldi\Documents\Playground\University\senior-project-1\dataset\internet\noise\จัดอันดับ ทหารสุดฮา.wav,22.75,23.45,เหี้ย,0.9246286,none
C:\Users\muldi\Documents\Playground\University\senior-project-1\dataset\internet\noise\จัดอันดับ ทหารสุดฮา.wav,24.5,25.2,เหี้ย,0.8959285,none
C:\Users\muldi\Documents\Playground\University\senior-project-1\dataset\internet\noise\จัดอันดับ ทหารสุดฮา.wav,36.4,39.2,เหี้ย,0.93236226,none
C:\Users\muldi\Documents\Playground\University\senior-project-1\dataset\internet\noise\หาสัญลักษณ์ตามฉบับ New World Order ในเพลง จี่หอย.wav,30.45,31.5,กู,0.77495176,none
C:\Users\muldi\Documents\Playground\University\senior-project-1\dataset\internet\noise\หาสัญลักษณ์ตามฉบับ New World Order ในเพลง จี่หอย.wav,42.35,43.05,กู,0.5969615,none
C:\Users\muldi\Documents\Playground\University\senior-project-1\dataset\internet\noise\หาสัญลักษณ์ตามฉบับ New World Order ในเพลง จี่หอย.wav,48.65,50.05,กู,0.74904865,none
C:\Users\muldi\Documents\Playground\University\senior-project-1\dataset\internet\noise\หาสัญลักษณ์ตามฉบับ New World Order ในเพลง จี่หอย.wav,56.0,56.7,กู,0.747686,none
C:\Users\muldi\Documents\Playground\University\senior-project-1\dataset\internet\noise\หาสัญลักษณ์ตามฉบับ New World Order ในเพลง จี่หอย.wav,68.25,68.95,กู,0.5196916,none
C:\Users\muldi\Documents\Playground\University\senior-project-1\dataset\internet\noise\หาสัญลักษณ์ตามฉบับ New World Order ในเพลง จี่หอย.wav,72.1,73.5,กู,0.7088117,none
C:\Users\muldi\Documents\Playground\University\senior-project-1\dataset\internet\noise\หาสัญลักษณ์ตามฉบับ New World Order ในเพลง จี่หอย.wav,77.7,78.4,กู,0.5421329,none
C:\Users\muldi\Documents\Playground\University\senior-project-1\dataset\internet\noise\หาสัญลักษณ์ตามฉบับ New World Order ในเพลง จี่หอย.wav,81.55,82.6,กู,0.74174273,none
C:\Users\muldi\Documents\Playground\University\senior-project-1\dataset\internet\noise\หาสัญลักษณ์ตามฉบับ New World Order ในเพลง จี่หอย.wav,96.25,96.95,กู,0.6430031,none
C:\Users\muldi\Documents\Playground\University\senior-project-1\dataset\internet\noise\หาสัญลักษณ์ตามฉบับ New World Order ในเพลง จี่หอย.wav,102.55,103.25,กู,0.6026327,none
C:\Users\muldi\Documents\Playground\University\senior-project-1\dataset\internet\noise\หาสัญลักษณ์ตามฉบับ New World Order ในเพลง จี่หอย.wav,2.45,3.15,มึง,0.9125251,none
C:\Users\muldi\Documents\Playground\University\senior-project-1\dataset\internet\noise\หาสัญลักษณ์ตามฉบับ New World Order ในเพลง จี่หอย.wav,6.65,7.35,มึง,0.53992033,none
C:\Users\muldi\Documents\Playground\University\senior-project-1\dataset\internet\noise\หาสัญลักษณ์ตามฉบับ New World Order ในเพลง จี่หอย.wav,10.5,11.55,มึง,0.7538852,none
C:\Users\muldi\Documents\Playground\University\senior-project-1\dataset\internet\noise\หาสัญลักษณ์ตามฉบับ New World Order ในเพลง จี่หอย.wav,15.4,16.1,มึง,0.8065816,none
C:\Users\muldi\Documents\Playground\University\senior-project-1\dataset\internet\noise\หาสัญลักษณ์ตามฉบับ New World Order ในเพลง จี่หอย.wav,50.75,51.8,มึง,0.6781393,none
C:\Users\muldi\Documents\Playground\University\senior-project-1\dataset\internet\noise\หาสัญลักษณ์ตามฉบับ New World Order ในเพลง จี่หอย.wav,60.2,60.9,มึง,0.6531043,none
C:\Users\muldi\Documents\Playground\University\senior-project-1\dataset\internet\noise\หาสัญลักษณ์ตามฉบับ New World Order ในเพลง จี่หอย.wav,63.0,63.7,มึง,0.5956918,none
C:\Users\muldi\Documents\Playground\University\senior-project-1\dataset\internet\noise\หาสัญลักษณ์ตามฉบับ New World Order ในเพลง จี่หอย.wav,67.2,67.9,มึง,0.5564168,none
C:\Users\muldi\Documents\Playground\University\senior-project-1\dataset\internet\noise\หาสัญลักษณ์ตามฉบับ New World Order ในเพลง จี่หอย.wav,74.55,75.25,มึง,0.58116937,none
C:\Users\muldi\Documents\Playground\University\senior-project-1\dataset\internet\noise\หาสัญลักษณ์ตามฉบับ New World Order ในเพลง จี่หอย.wav,82.25,82.95,มึง,0.5454966,none
C:\Users\muldi\Documents\Playground\University\senior-project-1\dataset\internet\noise\หาสัญลักษณ์ตามฉบับ New World Order ในเพลง จี่หอย.wav,88.9,89.6,มึง,0.65124667,none
C:\Users\muldi\Documents\Playground\University\senior-project-1\dataset\internet\noise\หาสัญลักษณ์ตามฉบับ New World Order ในเพลง จี่หอย.wav,93.45,94.15,มึง,0.697739,none
C:\Users\muldi\Documents\Playground\University\senior-project-1\dataset\internet\noise\หาสัญลักษณ์ตามฉบับ New World Order ในเพลง จี่หอย.wav,96.95,97.65,เย็ด,0.52404726,none
C:\Users\muldi\Documents\Playground\University\senior-project-1\dataset\internet\noise\หาสัญลักษณ์ตามฉบับ New World Order ในเพลง จี่หอย.wav,99.75,100.45,เย็ด,0.48415628,none
C:\Users\muldi\Documents\Playground\University\senior-project-1\dataset\internet\noise\หาสัญลักษณ์ตามฉบับ New World Order ในเพลง จี่หอย.wav,103.25,103.95,เย็ด,0.8810381,none
C:\Users\muldi\Documents\Playground\University\senior-project-1\dataset\internet\noise\หาสัญลักษณ์ตามฉบับ New World Order ในเพลง จี่หอย.wav,0.0,2.8,เหี้ย,0.93236226,none
C:\Users\muldi\Documents\Playground\University\senior-project-1\dataset\internet\noise\หาสัญลักษณ์ตามฉบับ New World Order ในเพลง จี่หอย.wav,12.95,13.65,เหี้ย,0.6092298,none
C:\Users\muldi\Documents\Playground\University\senior-project-1\dataset\internet\noise\หาสัญลักษณ์ตามฉบับ New World Order ในเพลง จี่หอย.wav,28.7,29.4,เหี้ย,0.7918948,none
C:\Users\muldi\Documents\Playground\University\senior-project-1\dataset\internet\noise\หาสัญลักษณ์ตามฉบับ New World Order ในเพลง จี่หอย.wav,76.3,77.0,เหี้ย,0.51258826,none
C:\Users\muldi\Documents\Playground\University\senior-project-1\dataset\internet\noise\หาสัญลักษณ์ตามฉบับ New World Order ในเพลง จี่หอย.wav,86.8,87.5,เหี้ย,0.78969955,none
C:\Users\muldi\Documents\Playground\University\senior-project-1\dataset\internet\noise\หาสัญลักษณ์ตามฉบับ New World Order ในเพลง จี่หอย.wav,103.6,106.4,เหี้ย,0.93236226,none
C:\Users\muldi\Documents\Playground\University\senior-project-1\dataset\internet\noise\อะไรคือสิ่งที่ถูก.wav,1.05,1.75,กู,0.7372031,มึง
C:\Users\muldi\Documents\Playground\University\senior-project-1\dataset\internet\noise\อะไรคือสิ่งที่ถูก.wav,25.2,25.9,กู,0.5617967,กู
C:\Users\muldi\Documents\Playground\University\senior-project-1\dataset\internet\noise\อะไรคือสิ่งที่ถูก.wav,14.35,16.1,มึง,0.7089734,none
C:\Users\muldi\Documents\Playground\University\senior-project-1\dataset\internet\noise\อะไรคือสิ่งที่ถูก.wav,21.35,22.05,มึง,0.54692554,none
C:\Users\muldi\Documents\Playground\University\senior-project-1\dataset\internet\noise\อะไรคือสิ่งที่ถูก.wav,30.45,31.15,มึง,0.7016203,none
C:\Users\muldi\Documents\Playground\University\senior-project-1\dataset\internet\noise\อะไรคือสิ่งที่ถูก.wav,47.95,49.0,มึง,0.83117634,none
C:\Users\muldi\Documents\Playground\University\senior-project-1\dataset\internet\noise\อะไรคือสิ่งที่ถูก.wav,50.75,51.45,มึง,0.51549476,none
C:\Users\muldi\Documents\Playground\University\senior-project-1\dataset\internet\noise\อะไรคือสิ่งที่ถูก.wav,0.0,1.4,เหี้ย,0.93236226,none
C:\Users\muldi\Documents\Playground\University\senior-project-1\dataset\internet\noise\อะไรคือสิ่งที่ถูก.wav,5.25,6.65,เหี้ย,0.6723653,none
C:\Users\muldi\Documents\Playground\University\senior-project-1\dataset\internet\noise\อะไรคือสิ่งที่ถูก.wav,10.15,11.2,เหี้ย,0.7892275,none
C:\Users\muldi\Documents\Playground\University\senior-project-1\dataset\internet\noise\อะไรคือสิ่งที่ถูก.wav,12.6,13.3,เหี้ย,0.58895695,none
C:\Users\muldi\Documents\Playground\University\senior-project-1\dataset\internet\noise\อะไรคือสิ่งที่ถูก.wav,16.45,17.15,เหี้ย,0.60810333,none
C:\Users\muldi\Documents\Playground\University\senior-project-1\dataset\internet\noise\อะไรคือสิ่งที่ถูก.wav,22.75,23.45,เหี้ย,0.60724825,none
C:\Users\muldi\Documents\Playground\University\senior-project-1\dataset\internet\noise\อะไรคือสิ่งที่ถูก.wav,46.55,48.3,เหี้ย,0.7488299,none
C:\Users\muldi\Documents\Playground\University\senior-project-1\dataset\single\กู\กู (เบลล์).wav,0.0,1.75,กู,0.8626298,none
C:\Users\muldi\Documents\Playground\University\senior-project-1\dataset\single\กู\กู (เบลล์).wav,1.4,2.1,เหี้ย,0.92252326,none
C:\Users\muldi\Documents\Playground\University\senior-project-1\dataset\us\clear\ถ้าแกไม่ไป กูก็ไม่ไปเหมือนกัน.wav,1.05,1.75,กู,0.82316685,กู
C:\Users\muldi\Documents\Playground\University\senior-project-1\dataset\us\clear\ถ้าแกไม่ไป กูก็ไม่ไปเหมือนกัน.wav,3.5,4.2,มึง,0.65763134,none
C:\Users\muldi\Documents\Playground\University\senior-project-1\dataset\us\clear\ถ้าแกไม่ไป กูก็ไม่ไปเหมือนกัน.wav,3.15,3.85,เหี้ย,0.7923002,none
